{
	"format_version": "1.12.0",
	"minecraft:geometry": [
		{
			"description": {
				"identifier": "geometry.onion",
				"texture_width": 328,
				"texture_height": 164,
				"visible_bounds_width": 2,
				"visible_bounds_height": 2.5,
				"visible_bounds_offset": [0, 0.75, 0]
			},
			"bones": [
				{
					"name": "OnionBottom",
					"pivot": [-8, 8, 8],
					"cubes": [
						{
							"origin": [1.5, 0, 3],
							"size": [1, 1, 2],
							"uv": {
								"north": {"uv": [0.00375, 61.50375], "uv_size": [10.24001, 10.2425]},
								"east": {"uv": [0.00375, 66.625], "uv_size": [17.93375, 15.37125]},
								"south": {"uv": [0.00375, 61.50375], "uv_size": [10.24001, 10.2425]},
								"west": {"uv": [0.00375, 61.50375], "uv_size": [10.24001, 10.2425]},
								"up": {"uv": [25.625, 51.24625], "uv_size": [-5.12125, -5.12125]},
								"down": {"uv": [10.24376, 71.74625], "uv_size": [-10.24001, -10.2425]}
							}
						},
						{
							"origin": [4.49989, 0.00169, 2.9982],
							"size": [1, 1, 2],
							"uv": {
								"north": {"uv": [0.00375, 61.50375], "uv_size": [10.24001, 10.2425]},
								"east": {"uv": [0.00375, 61.50375], "uv_size": [10.24001, 10.2425]},
								"south": {"uv": [0.00375, 61.50375], "uv_size": [10.24001, 10.2425]},
								"west": {"uv": [0.00375, 66.625], "uv_size": [17.93375, 15.37125]},
								"up": {"uv": [25.625, 61.49625], "uv_size": [-5.12125, -20.4925]},
								"down": {"uv": [10.24376, 71.74625], "uv_size": [-10.24001, -10.2425]}
							}
						},
						{
							"origin": [2.5, 0, 2],
							"size": [2, 1, 4],
							"uv": {
								"north": {"uv": [0.00375, 66.625], "uv_size": [17.93375, 15.37125]},
								"east": {"uv": [0.00375, 66.625], "uv_size": [17.93375, 15.37125]},
								"south": {"uv": [0.00375, 66.625], "uv_size": [17.93375, 15.37125]},
								"west": {"uv": [0.00375, 66.625], "uv_size": [17.93375, 15.37125]},
								"up": {"uv": [35.875, 61.49625], "uv_size": [-10.25, -20.4925]},
								"down": {"uv": [17.9375, 81.99625], "uv_size": [-17.93375, -15.37125]}
							}
						},
						{
							"origin": [1.74481, -0.0019, 4.43959],
							"size": [1.4, 0.98, 1],
							"pivot": [2.14481, 0.4981, 4.93959],
							"rotation": [0, -45, 0],
							"uv": {
								"north": {"uv": [0.00375, 61.50375], "uv_size": [10.24001, 10.2425]},
								"east": {"uv": [0.00375, 61.50375], "uv_size": [10.24001, 10.2425]},
								"south": {"uv": [0.00375, 66.625], "uv_size": [17.93375, 15.37125]},
								"west": {"uv": [0.00375, 61.50375], "uv_size": [10.24001, 10.2425]},
								"up": {"uv": [25.625, 51.24625], "uv_size": [-5.12125, -5.12125]},
								"down": {"uv": [10.24376, 71.74625], "uv_size": [-10.24001, -10.2425]}
							}
						},
						{
							"origin": [2.06466, 0.00328, 2.24718],
							"size": [1, 0.98, 1.4],
							"pivot": [2.56466, 0.50328, 2.64718],
							"rotation": [0, -45, 0],
							"uv": {
								"north": {"uv": [0.00375, 61.50375], "uv_size": [10.24001, 10.2425]},
								"east": {"uv": [0.00375, 66.625], "uv_size": [17.93375, 15.37125]},
								"south": {"uv": [0.00375, 61.50375], "uv_size": [10.24001, 10.2425]},
								"west": {"uv": [0.00375, 61.50375], "uv_size": [10.24001, 10.2425]},
								"up": {"uv": [25.625, 51.24625], "uv_size": [-5.12125, -5.12125]},
								"down": {"uv": [10.24376, 71.74625], "uv_size": [-10.24001, -10.2425]}
							}
						},
						{
							"origin": [3.92929, 0.00175, 2.23465],
							"size": [1, 0.98, 1.4],
							"pivot": [4.42929, 0.50175, 2.63465],
							"rotation": [0, 45, 0],
							"uv": {
								"north": {"uv": [0.00375, 61.50375], "uv_size": [10.24001, 10.2425]},
								"east": {"uv": [0.00375, 61.50375], "uv_size": [10.24001, 10.2425]},
								"south": {"uv": [0.00375, 61.50375], "uv_size": [10.24001, 10.2425]},
								"west": {"uv": [0.00375, 66.625], "uv_size": [17.93375, 15.37125]},
								"up": {"uv": [25.625, 51.24625], "uv_size": [-5.12125, -5.12125]},
								"down": {"uv": [10.24376, 71.74625], "uv_size": [-10.24001, -10.2425]}
							}
						},
						{
							"origin": [3.86362, 0.00172, 4.42758],
							"size": [1.4, 0.98, 1],
							"pivot": [4.86362, 0.50172, 4.92758],
							"rotation": [0, 45, 0],
							"uv": {
								"north": {"uv": [0.00375, 61.50375], "uv_size": [10.24001, 10.2425]},
								"east": {"uv": [0.00375, 61.50375], "uv_size": [10.24001, 10.2425]},
								"south": {"uv": [0.00375, 66.625], "uv_size": [17.93375, 15.37125]},
								"west": {"uv": [0.00375, 61.50375], "uv_size": [10.24001, 10.2425]},
								"up": {"uv": [25.625, 51.24625], "uv_size": [-5.12125, -5.12125]},
								"down": {"uv": [10.24376, 71.74625], "uv_size": [-10.24001, -10.2425]}
							}
						}
					]
				},
				{
					"name": "OnionBottom2",
					"parent": "OnionBottom",
					"pivot": [-8, 8, 8],
					"cubes": [
						{
							"origin": [1.85, 0.9, 3.25],
							"size": [0.8, 0.8, 1.6],
							"uv": {
								"north": {"uv": [0.00375, 61.50375], "uv_size": [10.24001, 10.2425]},
								"east": {"uv": [0.00375, 61.50375], "uv_size": [17.93375, 15.37125]},
								"south": {"uv": [0.00375, 61.50375], "uv_size": [10.24001, 10.2425]},
								"west": {"uv": [0.00375, 61.50375], "uv_size": [10.24001, 10.2425]},
								"up": {"uv": [25.625, 51.24625], "uv_size": [-5.12125, -5.12125]},
								"down": {"uv": [10.24376, 71.74625], "uv_size": [-10.24001, -10.2425]}
							}
						},
						{
							"origin": [4.24991, 0.90135, 3.24856],
							"size": [0.8, 0.8, 1.6],
							"uv": {
								"north": {"uv": [0.00375, 61.50375], "uv_size": [10.24001, 10.2425]},
								"east": {"uv": [0.00375, 61.50375], "uv_size": [10.24001, 10.2425]},
								"south": {"uv": [0.00375, 61.50375], "uv_size": [10.24001, 10.2425]},
								"west": {"uv": [0.00375, 61.50375], "uv_size": [17.93375, 15.37125]},
								"up": {"uv": [25.625, 61.49625], "uv_size": [-5.12125, -20.4925]},
								"down": {"uv": [10.24376, 71.74625], "uv_size": [-10.24001, -10.2425]}
							}
						},
						{
							"origin": [2.65, 0.9, 2.45],
							"size": [1.6, 0.8, 3.2],
							"uv": {
								"north": {"uv": [0.00375, 61.50375], "uv_size": [17.93375, 15.37125]},
								"east": {"uv": [0.00375, 66.625], "uv_size": [17.93375, 15.37125]},
								"south": {"uv": [0.00375, 61.50375], "uv_size": [17.93375, 15.37125]},
								"west": {"uv": [0.00375, 66.625], "uv_size": [17.93375, 15.37125]},
								"up": {"uv": [35.875, 61.49625], "uv_size": [-10.25, -20.4925]},
								"down": {"uv": [17.9375, 81.99625], "uv_size": [-17.93375, -15.37125]}
							}
						},
						{
							"origin": [2.04585, 0.89848, 4.40167],
							"size": [1.12, 0.784, 0.8],
							"pivot": [2.36585, 1.29848, 4.80167],
							"rotation": [0, -45, 0],
							"uv": {
								"north": {"uv": [0.00375, 61.50375], "uv_size": [10.24001, 10.2425]},
								"east": {"uv": [0.00375, 61.50375], "uv_size": [10.24001, 10.2425]},
								"south": {"uv": [0.00375, 61.50375], "uv_size": [17.93375, 15.37125]},
								"west": {"uv": [0.00375, 61.50375], "uv_size": [10.24001, 10.2425]},
								"up": {"uv": [25.625, 51.24625], "uv_size": [-5.12125, -5.12125]},
								"down": {"uv": [10.24376, 71.74625], "uv_size": [-10.24001, -10.2425]}
							}
						},
						{
							"origin": [2.30173, 0.90262, 2.64775],
							"size": [0.8, 0.784, 1.12],
							"pivot": [2.70173, 1.30262, 2.96775],
							"rotation": [0, -45, 0],
							"uv": {
								"north": {"uv": [0.00375, 61.50375], "uv_size": [10.24001, 10.2425]},
								"east": {"uv": [0.00375, 61.50375], "uv_size": [17.93375, 15.37125]},
								"south": {"uv": [0.00375, 61.50375], "uv_size": [10.24001, 10.2425]},
								"west": {"uv": [0.00375, 61.50375], "uv_size": [10.24001, 10.2425]},
								"up": {"uv": [25.625, 51.24625], "uv_size": [-5.12125, -5.12125]},
								"down": {"uv": [10.24376, 71.74625], "uv_size": [-10.24001, -10.2425]}
							}
						},
						{
							"origin": [3.79343, 0.9014, 2.63772],
							"size": [0.8, 0.784, 1.12],
							"pivot": [4.19343, 1.3014, 2.95772],
							"rotation": [0, 45, 0],
							"uv": {
								"north": {"uv": [0.00375, 61.50375], "uv_size": [10.24001, 10.2425]},
								"east": {"uv": [0.00375, 61.50375], "uv_size": [10.24001, 10.2425]},
								"south": {"uv": [0.00375, 61.50375], "uv_size": [10.24001, 10.2425]},
								"west": {"uv": [0.00375, 61.50375], "uv_size": [17.93375, 15.37125]},
								"up": {"uv": [25.625, 51.24625], "uv_size": [-5.12125, -5.12125]},
								"down": {"uv": [10.24376, 71.74625], "uv_size": [-10.24001, -10.2425]}
							}
						},
						{
							"origin": [3.74089, 0.90138, 4.39206],
							"size": [1.12, 0.784, 0.8],
							"pivot": [4.54089, 1.30138, 4.79206],
							"rotation": [0, 45, 0],
							"uv": {
								"north": {"uv": [0.00375, 61.50375], "uv_size": [10.24001, 10.2425]},
								"east": {"uv": [0.00375, 61.50375], "uv_size": [10.24001, 10.2425]},
								"south": {"uv": [0.00375, 61.50375], "uv_size": [17.93375, 15.37125]},
								"west": {"uv": [0.00375, 61.50375], "uv_size": [10.24001, 10.2425]},
								"up": {"uv": [25.625, 51.24625], "uv_size": [-5.12125, -5.12125]},
								"down": {"uv": [10.24376, 71.74625], "uv_size": [-10.24001, -10.2425]}
							}
						}
					]
				},
				{
					"name": "OnionBottom3",
					"pivot": [-8, 8, 8],
					"cubes": [
						{
							"origin": [1.15, 0, -4.5],
							"size": [1, 1, 2],
							"uv": {
								"north": {"uv": [0.00375, 61.50375], "uv_size": [10.24001, 10.2425]},
								"east": {"uv": [0.00375, 66.625], "uv_size": [17.93375, 15.37125]},
								"south": {"uv": [0.00375, 61.50375], "uv_size": [10.24001, 10.2425]},
								"west": {"uv": [0.00375, 61.50375], "uv_size": [10.24001, 10.2425]},
								"up": {"uv": [25.625, 51.24625], "uv_size": [-5.12125, -5.12125]},
								"down": {"uv": [10.24376, 71.74625], "uv_size": [-10.24001, -10.2425]}
							}
						},
						{
							"origin": [4.14989, 0.00169, -4.5018],
							"size": [1, 1, 2],
							"uv": {
								"north": {"uv": [0.00375, 61.50375], "uv_size": [10.24001, 10.2425]},
								"east": {"uv": [0.00375, 61.50375], "uv_size": [10.24001, 10.2425]},
								"south": {"uv": [0.00375, 61.50375], "uv_size": [10.24001, 10.2425]},
								"west": {"uv": [0.00375, 66.625], "uv_size": [17.93375, 15.37125]},
								"up": {"uv": [25.625, 61.49625], "uv_size": [-5.12125, -20.4925]},
								"down": {"uv": [10.24376, 71.74625], "uv_size": [-10.24001, -10.2425]}
							}
						},
						{
							"origin": [2.15, 0, -5.5],
							"size": [2, 1, 4],
							"uv": {
								"north": {"uv": [0.00375, 66.625], "uv_size": [17.93375, 15.37125]},
								"east": {"uv": [0.00375, 66.625], "uv_size": [17.93375, 15.37125]},
								"south": {"uv": [0.00375, 66.625], "uv_size": [17.93375, 15.37125]},
								"west": {"uv": [0.00375, 66.625], "uv_size": [17.93375, 15.37125]},
								"up": {"uv": [35.875, 61.49625], "uv_size": [-10.25, -20.4925]},
								"down": {"uv": [17.9375, 81.99625], "uv_size": [-17.93375, -15.37125]}
							}
						},
						{
							"origin": [1.39481, -0.0019, -3.06041],
							"size": [1.4, 0.98, 1],
							"pivot": [1.79481, 0.4981, -2.56041],
							"rotation": [0, -45, 0],
							"uv": {
								"north": {"uv": [0.00375, 61.50375], "uv_size": [10.24001, 10.2425]},
								"east": {"uv": [0.00375, 61.50375], "uv_size": [10.24001, 10.2425]},
								"south": {"uv": [0.00375, 66.625], "uv_size": [17.93375, 15.37125]},
								"west": {"uv": [0.00375, 61.50375], "uv_size": [10.24001, 10.2425]},
								"up": {"uv": [25.625, 51.24625], "uv_size": [-5.12125, -5.12125]},
								"down": {"uv": [10.24376, 71.74625], "uv_size": [-10.24001, -10.2425]}
							}
						},
						{
							"origin": [1.71466, 0.00328, -5.25282],
							"size": [1, 0.98, 1.4],
							"pivot": [2.21466, 0.50328, -4.85282],
							"rotation": [0, -45, 0],
							"uv": {
								"north": {"uv": [0.00375, 61.50375], "uv_size": [10.24001, 10.2425]},
								"east": {"uv": [0.00375, 66.625], "uv_size": [17.93375, 15.37125]},
								"south": {"uv": [0.00375, 61.50375], "uv_size": [10.24001, 10.2425]},
								"west": {"uv": [0.00375, 61.50375], "uv_size": [10.24001, 10.2425]},
								"up": {"uv": [25.625, 51.24625], "uv_size": [-5.12125, -5.12125]},
								"down": {"uv": [10.24376, 71.74625], "uv_size": [-10.24001, -10.2425]}
							}
						},
						{
							"origin": [3.57929, 0.00175, -5.26535],
							"size": [1, 0.98, 1.4],
							"pivot": [4.07929, 0.50175, -4.86535],
							"rotation": [0, 45, 0],
							"uv": {
								"north": {"uv": [0.00375, 61.50375], "uv_size": [10.24001, 10.2425]},
								"east": {"uv": [0.00375, 61.50375], "uv_size": [10.24001, 10.2425]},
								"south": {"uv": [0.00375, 61.50375], "uv_size": [10.24001, 10.2425]},
								"west": {"uv": [0.00375, 66.625], "uv_size": [17.93375, 15.37125]},
								"up": {"uv": [25.625, 51.24625], "uv_size": [-5.12125, -5.12125]},
								"down": {"uv": [10.24376, 71.74625], "uv_size": [-10.24001, -10.2425]}
							}
						},
						{
							"origin": [3.51362, 0.00172, -3.07242],
							"size": [1.4, 0.98, 1],
							"pivot": [4.51362, 0.50172, -2.57242],
							"rotation": [0, 45, 0],
							"uv": {
								"north": {"uv": [0.00375, 61.50375], "uv_size": [10.24001, 10.2425]},
								"east": {"uv": [0.00375, 61.50375], "uv_size": [10.24001, 10.2425]},
								"south": {"uv": [0.00375, 66.625], "uv_size": [17.93375, 15.37125]},
								"west": {"uv": [0.00375, 61.50375], "uv_size": [10.24001, 10.2425]},
								"up": {"uv": [25.625, 51.24625], "uv_size": [-5.12125, -5.12125]},
								"down": {"uv": [10.24376, 71.74625], "uv_size": [-10.24001, -10.2425]}
							}
						}
					]
				},
				{
					"name": "OnionBottom4",
					"parent": "OnionBottom3",
					"pivot": [-8, 8, 8],
					"cubes": [
						{
							"origin": [1.5, 0.9, -4.25],
							"size": [0.8, 0.8, 1.6],
							"uv": {
								"north": {"uv": [0.00375, 61.50375], "uv_size": [10.24001, 10.2425]},
								"east": {"uv": [0.00375, 61.50375], "uv_size": [17.93375, 15.37125]},
								"south": {"uv": [0.00375, 61.50375], "uv_size": [10.24001, 10.2425]},
								"west": {"uv": [0.00375, 61.50375], "uv_size": [10.24001, 10.2425]},
								"up": {"uv": [25.625, 51.24625], "uv_size": [-5.12125, -5.12125]},
								"down": {"uv": [10.24376, 71.74625], "uv_size": [-10.24001, -10.2425]}
							}
						},
						{
							"origin": [3.89991, 0.90135, -4.25144],
							"size": [0.8, 0.8, 1.6],
							"uv": {
								"north": {"uv": [0.00375, 61.50375], "uv_size": [10.24001, 10.2425]},
								"east": {"uv": [0.00375, 61.50375], "uv_size": [10.24001, 10.2425]},
								"south": {"uv": [0.00375, 61.50375], "uv_size": [10.24001, 10.2425]},
								"west": {"uv": [0.00375, 61.50375], "uv_size": [17.93375, 15.37125]},
								"up": {"uv": [25.625, 61.49625], "uv_size": [-5.12125, -20.4925]},
								"down": {"uv": [10.24376, 71.74625], "uv_size": [-10.24001, -10.2425]}
							}
						},
						{
							"origin": [2.3, 0.9, -5.05],
							"size": [1.6, 0.8, 3.2],
							"uv": {
								"north": {"uv": [0.00375, 61.50375], "uv_size": [17.93375, 15.37125]},
								"east": {"uv": [0.00375, 66.625], "uv_size": [17.93375, 15.37125]},
								"south": {"uv": [0.00375, 61.50375], "uv_size": [17.93375, 15.37125]},
								"west": {"uv": [0.00375, 66.625], "uv_size": [17.93375, 15.37125]},
								"up": {"uv": [35.875, 61.49625], "uv_size": [-10.25, -20.4925]},
								"down": {"uv": [17.9375, 81.99625], "uv_size": [-17.93375, -15.37125]}
							}
						},
						{
							"origin": [1.69585, 0.89848, -3.09833],
							"size": [1.12, 0.784, 0.8],
							"pivot": [2.01585, 1.29848, -2.69833],
							"rotation": [0, -45, 0],
							"uv": {
								"north": {"uv": [0.00375, 61.50375], "uv_size": [10.24001, 10.2425]},
								"east": {"uv": [0.00375, 61.50375], "uv_size": [10.24001, 10.2425]},
								"south": {"uv": [0.00375, 61.50375], "uv_size": [17.93375, 15.37125]},
								"west": {"uv": [0.00375, 61.50375], "uv_size": [10.24001, 10.2425]},
								"up": {"uv": [25.625, 51.24625], "uv_size": [-5.12125, -5.12125]},
								"down": {"uv": [10.24376, 71.74625], "uv_size": [-10.24001, -10.2425]}
							}
						},
						{
							"origin": [1.95173, 0.90262, -4.85225],
							"size": [0.8, 0.784, 1.12],
							"pivot": [2.35173, 1.30262, -4.53225],
							"rotation": [0, -45, 0],
							"uv": {
								"north": {"uv": [0.00375, 61.50375], "uv_size": [10.24001, 10.2425]},
								"east": {"uv": [0.00375, 61.50375], "uv_size": [17.93375, 15.37125]},
								"south": {"uv": [0.00375, 61.50375], "uv_size": [10.24001, 10.2425]},
								"west": {"uv": [0.00375, 61.50375], "uv_size": [10.24001, 10.2425]},
								"up": {"uv": [25.625, 51.24625], "uv_size": [-5.12125, -5.12125]},
								"down": {"uv": [10.24376, 71.74625], "uv_size": [-10.24001, -10.2425]}
							}
						},
						{
							"origin": [3.44343, 0.9014, -4.86228],
							"size": [0.8, 0.784, 1.12],
							"pivot": [3.84343, 1.3014, -4.54228],
							"rotation": [0, 45, 0],
							"uv": {
								"north": {"uv": [0.00375, 61.50375], "uv_size": [10.24001, 10.2425]},
								"east": {"uv": [0.00375, 61.50375], "uv_size": [10.24001, 10.2425]},
								"south": {"uv": [0.00375, 61.50375], "uv_size": [10.24001, 10.2425]},
								"west": {"uv": [0.00375, 61.50375], "uv_size": [17.93375, 15.37125]},
								"up": {"uv": [25.625, 51.24625], "uv_size": [-5.12125, -5.12125]},
								"down": {"uv": [10.24376, 71.74625], "uv_size": [-10.24001, -10.2425]}
							}
						},
						{
							"origin": [3.39089, 0.90138, -3.10794],
							"size": [1.12, 0.784, 0.8],
							"pivot": [4.19089, 1.30138, -2.70794],
							"rotation": [0, 45, 0],
							"uv": {
								"north": {"uv": [0.00375, 61.50375], "uv_size": [10.24001, 10.2425]},
								"east": {"uv": [0.00375, 61.50375], "uv_size": [10.24001, 10.2425]},
								"south": {"uv": [0.00375, 61.50375], "uv_size": [17.93375, 15.37125]},
								"west": {"uv": [0.00375, 61.50375], "uv_size": [10.24001, 10.2425]},
								"up": {"uv": [25.625, 51.24625], "uv_size": [-5.12125, -5.12125]},
								"down": {"uv": [10.24376, 71.74625], "uv_size": [-10.24001, -10.2425]}
							}
						}
					]
				},
				{
					"name": "OnionBottom5",
					"pivot": [-8, 8, 8],
					"cubes": [
						{
							"origin": [-5.35, 0, -5.1],
							"size": [1, 1, 2],
							"uv": {
								"north": {"uv": [0.00375, 61.50375], "uv_size": [10.24001, 10.2425]},
								"east": {"uv": [0.00375, 66.625], "uv_size": [17.93375, 15.37125]},
								"south": {"uv": [0.00375, 61.50375], "uv_size": [10.24001, 10.2425]},
								"west": {"uv": [0.00375, 61.50375], "uv_size": [10.24001, 10.2425]},
								"up": {"uv": [25.625, 51.24625], "uv_size": [-5.12125, -5.12125]},
								"down": {"uv": [10.24376, 71.74625], "uv_size": [-10.24001, -10.2425]}
							}
						},
						{
							"origin": [-2.35011, 0.00169, -5.1018],
							"size": [1, 1, 2],
							"uv": {
								"north": {"uv": [0.00375, 61.50375], "uv_size": [10.24001, 10.2425]},
								"east": {"uv": [0.00375, 61.50375], "uv_size": [10.24001, 10.2425]},
								"south": {"uv": [0.00375, 61.50375], "uv_size": [10.24001, 10.2425]},
								"west": {"uv": [0.00375, 66.625], "uv_size": [17.93375, 15.37125]},
								"up": {"uv": [25.625, 61.49625], "uv_size": [-5.12125, -20.4925]},
								"down": {"uv": [10.24376, 71.74625], "uv_size": [-10.24001, -10.2425]}
							}
						},
						{
							"origin": [-4.35, 0, -6.1],
							"size": [2, 1, 4],
							"uv": {
								"north": {"uv": [0.00375, 66.625], "uv_size": [17.93375, 15.37125]},
								"east": {"uv": [0.00375, 66.625], "uv_size": [17.93375, 15.37125]},
								"south": {"uv": [0.00375, 66.625], "uv_size": [17.93375, 15.37125]},
								"west": {"uv": [0.00375, 66.625], "uv_size": [17.93375, 15.37125]},
								"up": {"uv": [35.875, 61.49625], "uv_size": [-10.25, -20.4925]},
								"down": {"uv": [17.9375, 81.99625], "uv_size": [-17.93375, -15.37125]}
							}
						},
						{
							"origin": [-5.10519, -0.0019, -3.66041],
							"size": [1.4, 0.98, 1],
							"pivot": [-4.70519, 0.4981, -3.16041],
							"rotation": [0, -45, 0],
							"uv": {
								"north": {"uv": [0.00375, 61.50375], "uv_size": [10.24001, 10.2425]},
								"east": {"uv": [0.00375, 61.50375], "uv_size": [10.24001, 10.2425]},
								"south": {"uv": [0.00375, 66.625], "uv_size": [17.93375, 15.37125]},
								"west": {"uv": [0.00375, 61.50375], "uv_size": [10.24001, 10.2425]},
								"up": {"uv": [25.625, 51.24625], "uv_size": [-5.12125, -5.12125]},
								"down": {"uv": [10.24376, 71.74625], "uv_size": [-10.24001, -10.2425]}
							}
						},
						{
							"origin": [-4.78534, 0.00328, -5.85282],
							"size": [1, 0.98, 1.4],
							"pivot": [-4.28534, 0.50328, -5.45282],
							"rotation": [0, -45, 0],
							"uv": {
								"north": {"uv": [0.00375, 61.50375], "uv_size": [10.24001, 10.2425]},
								"east": {"uv": [0.00375, 66.625], "uv_size": [17.93375, 15.37125]},
								"south": {"uv": [0.00375, 61.50375], "uv_size": [10.24001, 10.2425]},
								"west": {"uv": [0.00375, 61.50375], "uv_size": [10.24001, 10.2425]},
								"up": {"uv": [25.625, 51.24625], "uv_size": [-5.12125, -5.12125]},
								"down": {"uv": [10.24376, 71.74625], "uv_size": [-10.24001, -10.2425]}
							}
						},
						{
							"origin": [-2.92071, 0.00175, -5.86535],
							"size": [1, 0.98, 1.4],
							"pivot": [-2.42071, 0.50175, -5.46535],
							"rotation": [0, 45, 0],
							"uv": {
								"north": {"uv": [0.00375, 61.50375], "uv_size": [10.24001, 10.2425]},
								"east": {"uv": [0.00375, 61.50375], "uv_size": [10.24001, 10.2425]},
								"south": {"uv": [0.00375, 61.50375], "uv_size": [10.24001, 10.2425]},
								"west": {"uv": [0.00375, 66.625], "uv_size": [17.93375, 15.37125]},
								"up": {"uv": [25.625, 51.24625], "uv_size": [-5.12125, -5.12125]},
								"down": {"uv": [10.24376, 71.74625], "uv_size": [-10.24001, -10.2425]}
							}
						},
						{
							"origin": [-2.98638, 0.00172, -3.67242],
							"size": [1.4, 0.98, 1],
							"pivot": [-1.98638, 0.50172, -3.17242],
							"rotation": [0, 45, 0],
							"uv": {
								"north": {"uv": [0.00375, 61.50375], "uv_size": [10.24001, 10.2425]},
								"east": {"uv": [0.00375, 61.50375], "uv_size": [10.24001, 10.2425]},
								"south": {"uv": [0.00375, 66.625], "uv_size": [17.93375, 15.37125]},
								"west": {"uv": [0.00375, 61.50375], "uv_size": [10.24001, 10.2425]},
								"up": {"uv": [25.625, 51.24625], "uv_size": [-5.12125, -5.12125]},
								"down": {"uv": [10.24376, 71.74625], "uv_size": [-10.24001, -10.2425]}
							}
						}
					]
				},
				{
					"name": "OnionBottom6",
					"parent": "OnionBottom5",
					"pivot": [-8, 8, 8],
					"cubes": [
						{
							"origin": [-5, 0.9, -4.85],
							"size": [0.8, 0.8, 1.6],
							"uv": {
								"north": {"uv": [0.00375, 61.50375], "uv_size": [10.24001, 10.2425]},
								"east": {"uv": [0.00375, 61.50375], "uv_size": [17.93375, 15.37125]},
								"south": {"uv": [0.00375, 61.50375], "uv_size": [10.24001, 10.2425]},
								"west": {"uv": [0.00375, 61.50375], "uv_size": [10.24001, 10.2425]},
								"up": {"uv": [25.625, 51.24625], "uv_size": [-5.12125, -5.12125]},
								"down": {"uv": [10.24376, 71.74625], "uv_size": [-10.24001, -10.2425]}
							}
						},
						{
							"origin": [-2.60009, 0.90135, -4.85144],
							"size": [0.8, 0.8, 1.6],
							"uv": {
								"north": {"uv": [0.00375, 61.50375], "uv_size": [10.24001, 10.2425]},
								"east": {"uv": [0.00375, 61.50375], "uv_size": [10.24001, 10.2425]},
								"south": {"uv": [0.00375, 61.50375], "uv_size": [10.24001, 10.2425]},
								"west": {"uv": [0.00375, 61.50375], "uv_size": [17.93375, 15.37125]},
								"up": {"uv": [25.625, 61.49625], "uv_size": [-5.12125, -20.4925]},
								"down": {"uv": [10.24376, 71.74625], "uv_size": [-10.24001, -10.2425]}
							}
						},
						{
							"origin": [-4.2, 0.9, -5.65],
							"size": [1.6, 0.8, 3.2],
							"uv": {
								"north": {"uv": [0.00375, 61.50375], "uv_size": [17.93375, 15.37125]},
								"east": {"uv": [0.00375, 66.625], "uv_size": [17.93375, 15.37125]},
								"south": {"uv": [0.00375, 61.50375], "uv_size": [17.93375, 15.37125]},
								"west": {"uv": [0.00375, 66.625], "uv_size": [17.93375, 15.37125]},
								"up": {"uv": [35.875, 61.49625], "uv_size": [-10.25, -20.4925]},
								"down": {"uv": [17.9375, 81.99625], "uv_size": [-17.93375, -15.37125]}
							}
						},
						{
							"origin": [-4.80415, 0.89848, -3.69833],
							"size": [1.12, 0.784, 0.8],
							"pivot": [-4.48415, 1.29848, -3.29833],
							"rotation": [0, -45, 0],
							"uv": {
								"north": {"uv": [0.00375, 61.50375], "uv_size": [10.24001, 10.2425]},
								"east": {"uv": [0.00375, 61.50375], "uv_size": [10.24001, 10.2425]},
								"south": {"uv": [0.00375, 61.50375], "uv_size": [17.93375, 15.37125]},
								"west": {"uv": [0.00375, 61.50375], "uv_size": [10.24001, 10.2425]},
								"up": {"uv": [25.625, 51.24625], "uv_size": [-5.12125, -5.12125]},
								"down": {"uv": [10.24376, 71.74625], "uv_size": [-10.24001, -10.2425]}
							}
						},
						{
							"origin": [-4.54827, 0.90262, -5.45225],
							"size": [0.8, 0.784, 1.12],
							"pivot": [-4.14827, 1.30262, -5.13225],
							"rotation": [0, -45, 0],
							"uv": {
								"north": {"uv": [0.00375, 61.50375], "uv_size": [10.24001, 10.2425]},
								"east": {"uv": [0.00375, 61.50375], "uv_size": [17.93375, 15.37125]},
								"south": {"uv": [0.00375, 61.50375], "uv_size": [10.24001, 10.2425]},
								"west": {"uv": [0.00375, 61.50375], "uv_size": [10.24001, 10.2425]},
								"up": {"uv": [25.625, 51.24625], "uv_size": [-5.12125, -5.12125]},
								"down": {"uv": [10.24376, 71.74625], "uv_size": [-10.24001, -10.2425]}
							}
						},
						{
							"origin": [-3.05657, 0.9014, -5.46228],
							"size": [0.8, 0.784, 1.12],
							"pivot": [-2.65657, 1.3014, -5.14228],
							"rotation": [0, 45, 0],
							"uv": {
								"north": {"uv": [0.00375, 61.50375], "uv_size": [10.24001, 10.2425]},
								"east": {"uv": [0.00375, 61.50375], "uv_size": [10.24001, 10.2425]},
								"south": {"uv": [0.00375, 61.50375], "uv_size": [10.24001, 10.2425]},
								"west": {"uv": [0.00375, 61.50375], "uv_size": [17.93375, 15.37125]},
								"up": {"uv": [25.625, 51.24625], "uv_size": [-5.12125, -5.12125]},
								"down": {"uv": [10.24376, 71.74625], "uv_size": [-10.24001, -10.2425]}
							}
						},
						{
							"origin": [-3.10911, 0.90138, -3.70794],
							"size": [1.12, 0.784, 0.8],
							"pivot": [-2.30911, 1.30138, -3.30794],
							"rotation": [0, 45, 0],
							"uv": {
								"north": {"uv": [0.00375, 61.50375], "uv_size": [10.24001, 10.2425]},
								"east": {"uv": [0.00375, 61.50375], "uv_size": [10.24001, 10.2425]},
								"south": {"uv": [0.00375, 61.50375], "uv_size": [17.93375, 15.37125]},
								"west": {"uv": [0.00375, 61.50375], "uv_size": [10.24001, 10.2425]},
								"up": {"uv": [25.625, 51.24625], "uv_size": [-5.12125, -5.12125]},
								"down": {"uv": [10.24376, 71.74625], "uv_size": [-10.24001, -10.2425]}
							}
						}
					]
				},
				{
					"name": "OnionBottom7",
					"pivot": [-8, 8, 8],
					"cubes": [
						{
							"origin": [-5.1, 0, 2.4],
							"size": [1, 1, 2],
							"uv": {
								"north": {"uv": [0.00375, 61.50375], "uv_size": [10.24001, 10.2425]},
								"east": {"uv": [0.00375, 66.625], "uv_size": [17.93375, 15.37125]},
								"south": {"uv": [0.00375, 61.50375], "uv_size": [10.24001, 10.2425]},
								"west": {"uv": [0.00375, 61.50375], "uv_size": [10.24001, 10.2425]},
								"up": {"uv": [25.625, 51.24625], "uv_size": [-5.12125, -5.12125]},
								"down": {"uv": [10.24376, 71.74625], "uv_size": [-10.24001, -10.2425]}
							}
						},
						{
							"origin": [-2.10011, 0.00169, 2.3982],
							"size": [1, 1, 2],
							"uv": {
								"north": {"uv": [0.00375, 61.50375], "uv_size": [10.24001, 10.2425]},
								"east": {"uv": [0.00375, 61.50375], "uv_size": [10.24001, 10.2425]},
								"south": {"uv": [0.00375, 61.50375], "uv_size": [10.24001, 10.2425]},
								"west": {"uv": [0.00375, 66.625], "uv_size": [17.93375, 15.37125]},
								"up": {"uv": [25.625, 61.49625], "uv_size": [-5.12125, -20.4925]},
								"down": {"uv": [10.24376, 71.74625], "uv_size": [-10.24001, -10.2425]}
							}
						},
						{
							"origin": [-4.1, 0, 1.4],
							"size": [2, 1, 4],
							"uv": {
								"north": {"uv": [0.00375, 66.625], "uv_size": [17.93375, 15.37125]},
								"east": {"uv": [0.00375, 66.625], "uv_size": [17.93375, 15.37125]},
								"south": {"uv": [0.00375, 66.625], "uv_size": [17.93375, 15.37125]},
								"west": {"uv": [0.00375, 66.625], "uv_size": [17.93375, 15.37125]},
								"up": {"uv": [35.875, 61.49625], "uv_size": [-10.25, -20.4925]},
								"down": {"uv": [17.9375, 81.99625], "uv_size": [-17.93375, -15.37125]}
							}
						},
						{
							"origin": [-4.85519, -0.0019, 3.83959],
							"size": [1.4, 0.98, 1],
							"pivot": [-4.45519, 0.4981, 4.33959],
							"rotation": [0, -45, 0],
							"uv": {
								"north": {"uv": [0.00375, 61.50375], "uv_size": [10.24001, 10.2425]},
								"east": {"uv": [0.00375, 61.50375], "uv_size": [10.24001, 10.2425]},
								"south": {"uv": [0.00375, 66.625], "uv_size": [17.93375, 15.37125]},
								"west": {"uv": [0.00375, 61.50375], "uv_size": [10.24001, 10.2425]},
								"up": {"uv": [25.625, 51.24625], "uv_size": [-5.12125, -5.12125]},
								"down": {"uv": [10.24376, 71.74625], "uv_size": [-10.24001, -10.2425]}
							}
						},
						{
							"origin": [-4.53534, 0.00328, 1.64718],
							"size": [1, 0.98, 1.4],
							"pivot": [-4.03534, 0.50328, 2.04718],
							"rotation": [0, -45, 0],
							"uv": {
								"north": {"uv": [0.00375, 61.50375], "uv_size": [10.24001, 10.2425]},
								"east": {"uv": [0.00375, 66.625], "uv_size": [17.93375, 15.37125]},
								"south": {"uv": [0.00375, 61.50375], "uv_size": [10.24001, 10.2425]},
								"west": {"uv": [0.00375, 61.50375], "uv_size": [10.24001, 10.2425]},
								"up": {"uv": [25.625, 51.24625], "uv_size": [-5.12125, -5.12125]},
								"down": {"uv": [10.24376, 71.74625], "uv_size": [-10.24001, -10.2425]}
							}
						},
						{
							"origin": [-2.67071, 0.00175, 1.63465],
							"size": [1, 0.98, 1.4],
							"pivot": [-2.17071, 0.50175, 2.03465],
							"rotation": [0, 45, 0],
							"uv": {
								"north": {"uv": [0.00375, 61.50375], "uv_size": [10.24001, 10.2425]},
								"east": {"uv": [0.00375, 61.50375], "uv_size": [10.24001, 10.2425]},
								"south": {"uv": [0.00375, 61.50375], "uv_size": [10.24001, 10.2425]},
								"west": {"uv": [0.00375, 66.625], "uv_size": [17.93375, 15.37125]},
								"up": {"uv": [25.625, 51.24625], "uv_size": [-5.12125, -5.12125]},
								"down": {"uv": [10.24376, 71.74625], "uv_size": [-10.24001, -10.2425]}
							}
						},
						{
							"origin": [-2.73638, 0.00172, 3.82758],
							"size": [1.4, 0.98, 1],
							"pivot": [-1.73638, 0.50172, 4.32758],
							"rotation": [0, 45, 0],
							"uv": {
								"north": {"uv": [0.00375, 61.50375], "uv_size": [10.24001, 10.2425]},
								"east": {"uv": [0.00375, 61.50375], "uv_size": [10.24001, 10.2425]},
								"south": {"uv": [0.00375, 66.625], "uv_size": [17.93375, 15.37125]},
								"west": {"uv": [0.00375, 61.50375], "uv_size": [10.24001, 10.2425]},
								"up": {"uv": [25.625, 51.24625], "uv_size": [-5.12125, -5.12125]},
								"down": {"uv": [10.24376, 71.74625], "uv_size": [-10.24001, -10.2425]}
							}
						}
					]
				},
				{
					"name": "OnionBottom8",
					"parent": "OnionBottom7",
					"pivot": [-8, 8, 8],
					"cubes": [
						{
							"origin": [-4.75, 0.9, 2.65],
							"size": [0.8, 0.8, 1.6],
							"uv": {
								"north": {"uv": [0.00375, 61.50375], "uv_size": [10.24001, 10.2425]},
								"east": {"uv": [0.00375, 61.50375], "uv_size": [17.93375, 15.37125]},
								"south": {"uv": [0.00375, 61.50375], "uv_size": [10.24001, 10.2425]},
								"west": {"uv": [0.00375, 61.50375], "uv_size": [10.24001, 10.2425]},
								"up": {"uv": [25.625, 51.24625], "uv_size": [-5.12125, -5.12125]},
								"down": {"uv": [10.24376, 71.74625], "uv_size": [-10.24001, -10.2425]}
							}
						},
						{
							"origin": [-2.35009, 0.90135, 2.64856],
							"size": [0.8, 0.8, 1.6],
							"uv": {
								"north": {"uv": [0.00375, 61.50375], "uv_size": [10.24001, 10.2425]},
								"east": {"uv": [0.00375, 61.50375], "uv_size": [10.24001, 10.2425]},
								"south": {"uv": [0.00375, 61.50375], "uv_size": [10.24001, 10.2425]},
								"west": {"uv": [0.00375, 61.50375], "uv_size": [17.93375, 15.37125]},
								"up": {"uv": [25.625, 61.49625], "uv_size": [-5.12125, -20.4925]},
								"down": {"uv": [10.24376, 71.74625], "uv_size": [-10.24001, -10.2425]}
							}
						},
						{
							"origin": [-3.95, 0.9, 1.85],
							"size": [1.6, 0.8, 3.2],
							"uv": {
								"north": {"uv": [0.00375, 61.50375], "uv_size": [17.93375, 15.37125]},
								"east": {"uv": [0.00375, 66.625], "uv_size": [17.93375, 15.37125]},
								"south": {"uv": [0.00375, 61.50375], "uv_size": [17.93375, 15.37125]},
								"west": {"uv": [0.00375, 66.625], "uv_size": [17.93375, 15.37125]},
								"up": {"uv": [35.875, 61.49625], "uv_size": [-10.25, -20.4925]},
								"down": {"uv": [17.9375, 81.99625], "uv_size": [-17.93375, -15.37125]}
							}
						},
						{
							"origin": [-4.55415, 0.89848, 3.80167],
							"size": [1.12, 0.784, 0.8],
							"pivot": [-4.23415, 1.29848, 4.20167],
							"rotation": [0, -45, 0],
							"uv": {
								"north": {"uv": [0.00375, 61.50375], "uv_size": [10.24001, 10.2425]},
								"east": {"uv": [0.00375, 61.50375], "uv_size": [10.24001, 10.2425]},
								"south": {"uv": [0.00375, 61.50375], "uv_size": [17.93375, 15.37125]},
								"west": {"uv": [0.00375, 61.50375], "uv_size": [10.24001, 10.2425]},
								"up": {"uv": [25.625, 51.24625], "uv_size": [-5.12125, -5.12125]},
								"down": {"uv": [10.24376, 71.74625], "uv_size": [-10.24001, -10.2425]}
							}
						},
						{
							"origin": [-4.29827, 0.90262, 2.04775],
							"size": [0.8, 0.784, 1.12],
							"pivot": [-3.89827, 1.30262, 2.36775],
							"rotation": [0, -45, 0],
							"uv": {
								"north": {"uv": [0.00375, 61.50375], "uv_size": [10.24001, 10.2425]},
								"east": {"uv": [0.00375, 61.50375], "uv_size": [17.93375, 15.37125]},
								"south": {"uv": [0.00375, 61.50375], "uv_size": [10.24001, 10.2425]},
								"west": {"uv": [0.00375, 61.50375], "uv_size": [10.24001, 10.2425]},
								"up": {"uv": [25.625, 51.24625], "uv_size": [-5.12125, -5.12125]},
								"down": {"uv": [10.24376, 71.74625], "uv_size": [-10.24001, -10.2425]}
							}
						},
						{
							"origin": [-2.80657, 0.9014, 2.03772],
							"size": [0.8, 0.784, 1.12],
							"pivot": [-2.40657, 1.3014, 2.35772],
							"rotation": [0, 45, 0],
							"uv": {
								"north": {"uv": [0.00375, 61.50375], "uv_size": [10.24001, 10.2425]},
								"east": {"uv": [0.00375, 61.50375], "uv_size": [10.24001, 10.2425]},
								"south": {"uv": [0.00375, 61.50375], "uv_size": [10.24001, 10.2425]},
								"west": {"uv": [0.00375, 61.50375], "uv_size": [17.93375, 15.37125]},
								"up": {"uv": [25.625, 51.24625], "uv_size": [-5.12125, -5.12125]},
								"down": {"uv": [10.24376, 71.74625], "uv_size": [-10.24001, -10.2425]}
							}
						},
						{
							"origin": [-2.85911, 0.90138, 3.79206],
							"size": [1.12, 0.784, 0.8],
							"pivot": [-2.05911, 1.30138, 4.19206],
							"rotation": [0, 45, 0],
							"uv": {
								"north": {"uv": [0.00375, 61.50375], "uv_size": [10.24001, 10.2425]},
								"east": {"uv": [0.00375, 61.50375], "uv_size": [10.24001, 10.2425]},
								"south": {"uv": [0.00375, 61.50375], "uv_size": [17.93375, 15.37125]},
								"west": {"uv": [0.00375, 61.50375], "uv_size": [10.24001, 10.2425]},
								"up": {"uv": [25.625, 51.24625], "uv_size": [-5.12125, -5.12125]},
								"down": {"uv": [10.24376, 71.74625], "uv_size": [-10.24001, -10.2425]}
							}
						}
					]
				},
				{
					"name": "OnionTops",
					"pivot": [-8, 8, 8],
					"cubes": [
						{
							"origin": [-5.75, 1.75, 3.5],
							"size": [5.5, 8, 0],
							"pivot": [-3, 5.75, 3.5],
							"rotation": [0, 45, 0],
							"uv": {
								"north": {"uv": [168.92, 95.12209], "uv_size": [33.17742, 49.16716]}
							}
						},
						{
							"origin": [0.25, 1.75, -3.5],
							"size": [5.5, 8, 0],
							"pivot": [3, 5.75, -3.5],
							"rotation": [0, -45, 0],
							"uv": {
								"south": {"uv": [168.92, 95.12209], "uv_size": [33.17742, 49.16716]}
							}
						},
						{
							"origin": [0.25, 1.75, -3.5],
							"size": [5.5, 8, 0],
							"pivot": [3, 5.75, -3.5],
							"rotation": [0, 45, 0],
							"uv": {
								"north": {"uv": [168.92, 95.12209], "uv_size": [33.17742, 49.16716]}
							}
						},
						{
							"origin": [3.5, 1.75, 1],
							"size": [0, 8, 6],
							"uv": {
								"east": {"uv": [168.92, 95.12209], "uv_size": [33.17742, 49.16716]}
							}
						},
						{
							"origin": [0.5, 1.75, 4],
							"size": [6, 8, 0],
							"uv": {
								"south": {"uv": [168.92, 95.12209], "uv_size": [33.17742, 49.16716]}
							}
						},
						{
							"origin": [-6.5, 1.75, -4],
							"size": [6, 8, 0],
							"uv": {
								"south": {"uv": [168.92, 95.12209], "uv_size": [33.17742, 49.16716]}
							}
						},
						{
							"origin": [-3.5, 1.75, -7],
							"size": [0, 8, 6],
							"uv": {
								"east": {"uv": [168.92, 95.12209], "uv_size": [33.17742, 49.16716]}
							}
						},
						{
							"origin": [-5.75, 1.75, 3.5],
							"size": [5.5, 8, 0],
							"pivot": [-3, 5.75, 3.5],
							"rotation": [0, -45, 0],
							"uv": {
								"south": {"uv": [168.92, 95.12209], "uv_size": [33.17742, 49.16716]}
							}
						}
					]
				}
			]
		}
	]
}