{
	"format_version": "1.12.0",
	"minecraft:geometry": [
		{
			"description": {
				"identifier": "geometry.pot_stacked1",
				"texture_width": 32,
				"texture_height": 16,
				"visible_bounds_width": 2,
				"visible_bounds_height": 2.5,
				"visible_bounds_offset": [0, 0.75, 0]
			},
			"bones": [
				{
					"name": "Pot",
					"pivot": [-8, 8, 8]
				},
				{
					"name": "top ring",
					"parent": "Pot",
					"pivot": [-8, 8, 8],
					"cubes": [
						{
							"origin": [-4.3604, 3.64976, -6.27464],
							"size": [1.12488, 1.24976, 0.67493],
							"uv": {
								"north": {"uv": [0.008, 0.008], "uv_size": [0.984, 1.984]},
								"east": {"uv": [0.008, 0.008], "uv_size": [0.592, 1.984]},
								"south": {"uv": [0.008, 0.008], "uv_size": [0.984, 1.984]},
								"west": {"uv": [0.008, 0.008], "uv_size": [0.592, 1.984]},
								"up": {"uv": [0.992, 0.6], "uv_size": [-0.984, -0.592]},
								"down": {"uv": [0.992, 0.6], "uv_size": [-0.984, -0.592]}
							}
						},
						{
							"origin": [-5.39043, 3.64976, -4.55883],
							"size": [1.12488, 1.24976, 0.67493],
							"pivot": [0, 0, 0],
							"rotation": [0, -22.5, 0],
							"uv": {
								"north": {"uv": [0.008, 0.008], "uv_size": [0.984, 1.984]},
								"east": {"uv": [0.008, 0.008], "uv_size": [0.592, 1.984]},
								"south": {"uv": [0.008, 0.008], "uv_size": [0.984, 1.984]},
								"west": {"uv": [0.008, 0.008], "uv_size": [0.592, 1.984]},
								"up": {"uv": [0.6, 0.992], "uv_size": [-0.592, -0.984]},
								"down": {"uv": [0.6, 0.992], "uv_size": [-0.592, -0.984]}
							}
						},
						{
							"origin": [-5.68545, 3.64976, -2.57946],
							"size": [1.12488, 1.24976, 0.67493],
							"pivot": [0, 0, 0],
							"rotation": [0, -45, 0],
							"uv": {
								"north": {"uv": [0.008, 0.008], "uv_size": [0.984, 1.984]},
								"east": {"uv": [0.008, 0.008], "uv_size": [0.592, 1.984]},
								"south": {"uv": [0.008, 0.008], "uv_size": [0.984, 1.984]},
								"west": {"uv": [0.008, 0.008], "uv_size": [0.592, 1.984]},
								"up": {"uv": [0.6, 0.992], "uv_size": [-0.592, -0.984]},
								"down": {"uv": [0.6, 0.992], "uv_size": [-0.592, -0.984]}
							}
						},
						{
							"origin": [-0.03707, 3.64976, -5.20053],
							"size": [0.67493, 1.24976, 1.12488],
							"pivot": [0, 0, 0],
							"rotation": [0, 22.5, 0],
							"uv": {
								"north": {"uv": [0.008, 0.008], "uv_size": [0.592, 1.984]},
								"east": {"uv": [0.008, 0.008], "uv_size": [0.984, 1.984]},
								"south": {"uv": [0.008, 0.008], "uv_size": [0.592, 1.984]},
								"west": {"uv": [0.008, 0.008], "uv_size": [0.984, 1.984]},
								"up": {"uv": [0.6, 0.992], "uv_size": [-0.592, -0.984]},
								"down": {"uv": [0.6, 0.992], "uv_size": [-0.592, -0.984]}
							}
						},
						{
							"origin": [-1.64531, 3.64976, -4.0095],
							"size": [0.67493, 1.24976, 1.12488],
							"uv": {
								"north": {"uv": [0.008, 0.008], "uv_size": [0.592, 1.984]},
								"east": {"uv": [0.008, 0.008], "uv_size": [0.984, 1.984]},
								"south": {"uv": [0.008, 0.008], "uv_size": [0.592, 1.984]},
								"west": {"uv": [0.008, 0.008], "uv_size": [0.984, 1.984]},
								"up": {"uv": [0.6, 0.992], "uv_size": [-0.592, -0.984]},
								"down": {"uv": [0.6, 0.992], "uv_size": [-0.592, -0.984]}
							}
						},
						{
							"origin": [-6.62554, 3.64976, -4.0095],
							"size": [0.67493, 1.24976, 1.12488],
							"uv": {
								"north": {"uv": [0.008, 0.008], "uv_size": [0.592, 1.984]},
								"east": {"uv": [0.008, 0.008], "uv_size": [0.984, 1.984]},
								"south": {"uv": [0.008, 0.008], "uv_size": [0.592, 1.984]},
								"west": {"uv": [0.008, 0.008], "uv_size": [0.984, 1.984]},
								"up": {"uv": [0.992, 0.6], "uv_size": [-0.984, -0.592]},
								"down": {"uv": [0.992, 0.6], "uv_size": [-0.984, -0.592]}
							}
						},
						{
							"origin": [-7.65556, 3.64976, -2.29369],
							"size": [0.67492, 1.24976, 1.12488],
							"pivot": [0, 0, 0],
							"rotation": [0, -22.5, 0],
							"uv": {
								"north": {"uv": [0.008, 0.008], "uv_size": [0.592, 1.984]},
								"east": {"uv": [0.008, 0.008], "uv_size": [0.984, 1.984]},
								"south": {"uv": [0.008, 0.008], "uv_size": [0.592, 1.984]},
								"west": {"uv": [0.008, 0.008], "uv_size": [0.984, 1.984]},
								"up": {"uv": [0.6, 0.992], "uv_size": [-0.592, -0.984]},
								"down": {"uv": [0.6, 0.992], "uv_size": [-0.592, -0.984]}
							}
						},
						{
							"origin": [-7.95058, 3.64976, -0.31432],
							"size": [0.67492, 1.24976, 1.12488],
							"pivot": [0, 0, 0],
							"rotation": [0, -45, 0],
							"uv": {
								"north": {"uv": [0.008, 0.008], "uv_size": [0.592, 1.984]},
								"east": {"uv": [0.008, 0.008], "uv_size": [0.984, 1.984]},
								"south": {"uv": [0.008, 0.008], "uv_size": [0.592, 1.984]},
								"west": {"uv": [0.008, 0.008], "uv_size": [0.984, 1.984]},
								"up": {"uv": [0.6, 0.992], "uv_size": [-0.592, -0.984]},
								"down": {"uv": [0.6, 0.992], "uv_size": [-0.592, -0.984]}
							}
						},
						{
							"origin": [-2.75216, 3.64976, -7.46567],
							"size": [1.12488, 1.24976, 0.67493],
							"pivot": [0, 0, 0],
							"rotation": [0, 22.5, 0],
							"uv": {
								"north": {"uv": [0.008, 0.008], "uv_size": [0.984, 1.984]},
								"east": {"uv": [0.008, 0.008], "uv_size": [0.592, 1.984]},
								"south": {"uv": [0.008, 0.008], "uv_size": [0.984, 1.984]},
								"west": {"uv": [0.008, 0.008], "uv_size": [0.592, 1.984]},
								"up": {"uv": [0.6, 0.992], "uv_size": [-0.592, -0.984]},
								"down": {"uv": [0.6, 0.992], "uv_size": [-0.592, -0.984]}
							}
						},
						{
							"origin": [-5.0173, 3.64976, -5.20052],
							"size": [0.67492, 1.24976, 1.12488],
							"pivot": [0, 0, 0],
							"rotation": [0, 22.5, 0],
							"uv": {
								"north": {"uv": [1.008, 0.008], "uv_size": [0.592, 1.984]},
								"east": {"uv": [1.008, 0.008], "uv_size": [0.984, 1.984]},
								"south": {"uv": [1.008, 0.008], "uv_size": [0.592, 1.984]},
								"west": {"uv": [1.008, 0.008], "uv_size": [0.984, 1.984]},
								"up": {"uv": [0.6, 1.992], "uv_size": [-0.592, -0.984]},
								"down": {"uv": [0.6, 1.992], "uv_size": [-0.592, -0.984]}
							}
						},
						{
							"origin": [-3.0757, 3.64976, -5.68544],
							"size": [0.67492, 1.24976, 1.12488],
							"pivot": [0, 0, 0],
							"rotation": [0, 45, 0],
							"uv": {
								"north": {"uv": [1.008, 0.008], "uv_size": [0.592, 1.984]},
								"east": {"uv": [1.008, 0.008], "uv_size": [0.984, 1.984]},
								"south": {"uv": [1.008, 0.008], "uv_size": [0.592, 1.984]},
								"west": {"uv": [1.008, 0.008], "uv_size": [0.984, 1.984]},
								"up": {"uv": [0.6, 1.992], "uv_size": [-0.592, -0.984]},
								"down": {"uv": [0.6, 1.992], "uv_size": [-0.592, -0.984]}
							}
						},
						{
							"origin": [-4.3604, 3.64976, -1.29441],
							"size": [1.12488, 1.24976, 0.67492],
							"uv": {
								"north": {"uv": [1.008, 0.008], "uv_size": [0.984, 1.984]},
								"east": {"uv": [1.008, 0.008], "uv_size": [0.592, 1.984]},
								"south": {"uv": [1.008, 0.008], "uv_size": [0.984, 1.984]},
								"west": {"uv": [1.008, 0.008], "uv_size": [0.592, 1.984]},
								"up": {"uv": [0.992, 1.6], "uv_size": [-0.984, -0.592]},
								"down": {"uv": [0.992, 1.6], "uv_size": [-0.984, -0.592]}
							}
						},
						{
							"origin": [-5.39043, 3.64976, 0.42139],
							"size": [1.12488, 1.24976, 0.67493],
							"pivot": [0, 0, 0],
							"rotation": [0, -22.5, 0],
							"uv": {
								"north": {"uv": [1.008, 0.008], "uv_size": [0.984, 1.984]},
								"east": {"uv": [1.008, 0.008], "uv_size": [0.592, 1.984]},
								"south": {"uv": [1.008, 0.008], "uv_size": [0.984, 1.984]},
								"west": {"uv": [1.008, 0.008], "uv_size": [0.592, 1.984]},
								"up": {"uv": [1.6, 0.992], "uv_size": [-0.592, -0.984]},
								"down": {"uv": [1.6, 0.992], "uv_size": [-0.592, -0.984]}
							}
						},
						{
							"origin": [-2.75216, 3.64976, -2.48544],
							"size": [1.12488, 1.24976, 0.67493],
							"pivot": [0, 0, 0],
							"rotation": [0, 22.5, 0],
							"uv": {
								"north": {"uv": [1.008, 0.008], "uv_size": [0.984, 1.984]},
								"east": {"uv": [1.008, 0.008], "uv_size": [0.592, 1.984]},
								"south": {"uv": [1.008, 0.008], "uv_size": [0.984, 1.984]},
								"west": {"uv": [1.008, 0.008], "uv_size": [0.592, 1.984]},
								"up": {"uv": [1.6, 0.992], "uv_size": [-0.592, -0.984]},
								"down": {"uv": [1.6, 0.992], "uv_size": [-0.592, -0.984]}
							}
						},
						{
							"origin": [-0.81056, 3.64976, -2.97036],
							"size": [1.12488, 1.24976, 0.67493],
							"pivot": [0, 0, 0],
							"rotation": [0, 45, 0],
							"uv": {
								"north": {"uv": [1.008, 0.008], "uv_size": [0.984, 1.984]},
								"east": {"uv": [1.008, 0.008], "uv_size": [0.592, 1.984]},
								"south": {"uv": [1.008, 0.008], "uv_size": [0.984, 1.984]},
								"west": {"uv": [1.008, 0.008], "uv_size": [0.592, 1.984]},
								"up": {"uv": [1.6, 0.992], "uv_size": [-0.592, -0.984]},
								"down": {"uv": [1.6, 0.992], "uv_size": [-0.592, -0.984]}
							}
						},
						{
							"origin": [-2.67534, 3.64976, -2.29369],
							"size": [0.67493, 1.24976, 1.12488],
							"pivot": [0, 0, 0],
							"rotation": [0, -22.5, 0],
							"uv": {
								"north": {"uv": [1.008, 0.008], "uv_size": [0.592, 1.984]},
								"east": {"uv": [1.008, 0.008], "uv_size": [0.984, 1.984]},
								"south": {"uv": [1.008, 0.008], "uv_size": [0.592, 1.984]},
								"west": {"uv": [1.008, 0.008], "uv_size": [0.984, 1.984]},
								"up": {"uv": [0.6, 1.992], "uv_size": [-0.592, -0.984]},
								"down": {"uv": [0.6, 1.992], "uv_size": [-0.592, -0.984]}
							}
						}
					]
				},
				{
					"name": "bottom ring",
					"parent": "Pot",
					"pivot": [-8, 8, 8],
					"cubes": [
						{
							"origin": [-4.3, 2.2, -5.9],
							"size": [1, 1.5, 0.6],
							"uv": {
								"north": {"uv": [0.008, 0.008], "uv_size": [0.984, 1.484]},
								"east": {"uv": [0.008, 0.008], "uv_size": [0.592, 1.484]},
								"south": {"uv": [0.008, 0.008], "uv_size": [0.984, 1.484]},
								"west": {"uv": [0.008, 0.008], "uv_size": [0.592, 1.484]},
								"up": {"uv": [0.992, 0.6], "uv_size": [-0.984, -0.592]},
								"down": {"uv": [0.992, 0.6], "uv_size": [-0.984, -0.592]}
							}
						},
						{
							"origin": [-5.30663, 2.2, -4.18804],
							"size": [1, 1.5, 0.6],
							"pivot": [0, 0, 0],
							"rotation": [0, -22.5, 0],
							"uv": {
								"north": {"uv": [0.008, 0.008], "uv_size": [0.984, 1.484]},
								"east": {"uv": [0.008, 0.008], "uv_size": [0.592, 1.484]},
								"south": {"uv": [0.008, 0.008], "uv_size": [0.984, 1.484]},
								"west": {"uv": [0.008, 0.008], "uv_size": [0.592, 1.484]},
								"up": {"uv": [0.6, 0.992], "uv_size": [-0.592, -0.984]},
								"down": {"uv": [0.6, 0.992], "uv_size": [-0.592, -0.984]}
							}
						},
						{
							"origin": [-5.5815, 2.2, -2.22116],
							"size": [1, 1.5, 0.6],
							"pivot": [0, 0, 0],
							"rotation": [0, -45, 0],
							"uv": {
								"north": {"uv": [0.008, 0.008], "uv_size": [0.984, 1.484]},
								"east": {"uv": [0.008, 0.008], "uv_size": [0.592, 1.484]},
								"south": {"uv": [0.008, 0.008], "uv_size": [0.984, 1.484]},
								"west": {"uv": [0.008, 0.008], "uv_size": [0.592, 1.484]},
								"up": {"uv": [0.6, 0.992], "uv_size": [-0.592, -0.984]},
								"down": {"uv": [0.6, 0.992], "uv_size": [-0.592, -0.984]}
							}
						},
						{
							"origin": [-0.30118, 2.2, -5.08276],
							"size": [0.6, 1.5, 1],
							"pivot": [0, 0, 0],
							"rotation": [0, 22.5, 0],
							"uv": {
								"north": {"uv": [0.008, 0.008], "uv_size": [0.592, 1.484]},
								"east": {"uv": [0.008, 0.008], "uv_size": [0.984, 1.484]},
								"south": {"uv": [0.008, 0.008], "uv_size": [0.592, 1.484]},
								"west": {"uv": [0.008, 0.008], "uv_size": [0.984, 1.484]},
								"up": {"uv": [0.6, 0.992], "uv_size": [-0.592, -0.984]},
								"down": {"uv": [0.6, 0.992], "uv_size": [-0.592, -0.984]}
							}
						},
						{
							"origin": [-1.88633, 2.2, -3.88633],
							"size": [0.6, 1.5, 1],
							"uv": {
								"north": {"uv": [0.008, 0.008], "uv_size": [0.592, 1.484]},
								"east": {"uv": [0.008, 0.008], "uv_size": [0.984, 1.484]},
								"south": {"uv": [0.008, 0.008], "uv_size": [0.592, 1.484]},
								"west": {"uv": [0.008, 0.008], "uv_size": [0.984, 1.484]},
								"up": {"uv": [0.6, 0.992], "uv_size": [-0.592, -0.984]},
								"down": {"uv": [0.6, 0.992], "uv_size": [-0.592, -0.984]}
							}
						},
						{
							"origin": [-6.31367, 2.2, -3.88633],
							"size": [0.6, 1.5, 1],
							"uv": {
								"north": {"uv": [0.008, 0.008], "uv_size": [0.592, 1.484]},
								"east": {"uv": [0.008, 0.008], "uv_size": [0.984, 1.484]},
								"south": {"uv": [0.008, 0.008], "uv_size": [0.592, 1.484]},
								"west": {"uv": [0.008, 0.008], "uv_size": [0.984, 1.484]},
								"up": {"uv": [0.992, 0.6], "uv_size": [-0.984, -0.592]},
								"down": {"uv": [0.992, 0.6], "uv_size": [-0.984, -0.592]}
							}
						},
						{
							"origin": [-7.32031, 2.2, -2.17437],
							"size": [0.6, 1.5, 1],
							"pivot": [0, 0, 0],
							"rotation": [0, -22.5, 0],
							"uv": {
								"north": {"uv": [0.008, 0.008], "uv_size": [0.592, 1.484]},
								"east": {"uv": [0.008, 0.008], "uv_size": [0.984, 1.484]},
								"south": {"uv": [0.008, 0.008], "uv_size": [0.592, 1.484]},
								"west": {"uv": [0.008, 0.008], "uv_size": [0.984, 1.484]},
								"up": {"uv": [0.6, 0.992], "uv_size": [-0.592, -0.984]},
								"down": {"uv": [0.6, 0.992], "uv_size": [-0.592, -0.984]}
							}
						},
						{
							"origin": [-7.59517, 2.2, -0.20749],
							"size": [0.6, 1.5, 1],
							"pivot": [0, 0, 0],
							"rotation": [0, -45, 0],
							"uv": {
								"north": {"uv": [0.008, 0.008], "uv_size": [0.592, 1.484]},
								"east": {"uv": [0.008, 0.008], "uv_size": [0.984, 1.484]},
								"south": {"uv": [0.008, 0.008], "uv_size": [0.592, 1.484]},
								"west": {"uv": [0.008, 0.008], "uv_size": [0.984, 1.484]},
								"up": {"uv": [0.6, 0.992], "uv_size": [-0.592, -0.984]},
								"down": {"uv": [0.6, 0.992], "uv_size": [-0.592, -0.984]}
							}
						},
						{
							"origin": [-2.71485, 2.2, -7.09643],
							"size": [1, 1.5, 0.6],
							"pivot": [0, 0, 0],
							"rotation": [0, 22.5, 0],
							"uv": {
								"north": {"uv": [0.008, 0.008], "uv_size": [0.984, 1.484]},
								"east": {"uv": [0.008, 0.008], "uv_size": [0.592, 1.484]},
								"south": {"uv": [0.008, 0.008], "uv_size": [0.984, 1.484]},
								"west": {"uv": [0.008, 0.008], "uv_size": [0.592, 1.484]},
								"up": {"uv": [0.6, 0.992], "uv_size": [-0.592, -0.984]},
								"down": {"uv": [0.6, 0.992], "uv_size": [-0.592, -0.984]}
							}
						},
						{
							"origin": [-4.72852, 2.2, -5.08276],
							"size": [0.6, 1.5, 1],
							"pivot": [0, 0, 0],
							"rotation": [0, 22.5, 0],
							"uv": {
								"north": {"uv": [1.008, 0.008], "uv_size": [0.592, 1.484]},
								"east": {"uv": [1.008, 0.008], "uv_size": [0.984, 1.484]},
								"south": {"uv": [1.008, 0.008], "uv_size": [0.592, 1.484]},
								"west": {"uv": [1.008, 0.008], "uv_size": [0.984, 1.484]},
								"up": {"uv": [0.6, 1.992], "uv_size": [-0.592, -0.984]},
								"down": {"uv": [0.6, 1.992], "uv_size": [-0.592, -0.984]}
							}
						},
						{
							"origin": [-2.80618, 2.2, -5.5815],
							"size": [0.6, 1.5, 1],
							"pivot": [0, 0, 0],
							"rotation": [0, 45, 0],
							"uv": {
								"north": {"uv": [1.008, 0.008], "uv_size": [0.592, 1.484]},
								"east": {"uv": [1.008, 0.008], "uv_size": [0.984, 1.484]},
								"south": {"uv": [1.008, 0.008], "uv_size": [0.592, 1.484]},
								"west": {"uv": [1.008, 0.008], "uv_size": [0.984, 1.484]},
								"up": {"uv": [0.6, 1.992], "uv_size": [-0.592, -0.984]},
								"down": {"uv": [0.6, 1.992], "uv_size": [-0.592, -0.984]}
							}
						},
						{
							"origin": [-4.3, 2.2, -1.47266],
							"size": [1, 1.5, 0.6],
							"uv": {
								"north": {"uv": [1.008, 0.008], "uv_size": [0.984, 1.484]},
								"east": {"uv": [1.008, 0.008], "uv_size": [0.592, 1.484]},
								"south": {"uv": [1.008, 0.008], "uv_size": [0.984, 1.484]},
								"west": {"uv": [1.008, 0.008], "uv_size": [0.592, 1.484]},
								"up": {"uv": [0.992, 1.6], "uv_size": [-0.984, -0.592]},
								"down": {"uv": [0.992, 1.6], "uv_size": [-0.984, -0.592]}
							}
						},
						{
							"origin": [-5.30664, 2.2, 0.23931],
							"size": [1, 1.5, 0.6],
							"pivot": [0, 0, 0],
							"rotation": [0, -22.5, 0],
							"uv": {
								"north": {"uv": [1.008, 0.008], "uv_size": [0.984, 1.484]},
								"east": {"uv": [1.008, 0.008], "uv_size": [0.592, 1.484]},
								"south": {"uv": [1.008, 0.008], "uv_size": [0.984, 1.484]},
								"west": {"uv": [1.008, 0.008], "uv_size": [0.592, 1.484]},
								"up": {"uv": [1.6, 0.992], "uv_size": [-0.592, -0.984]},
								"down": {"uv": [1.6, 0.992], "uv_size": [-0.592, -0.984]}
							}
						},
						{
							"origin": [-2.71485, 2.2, -2.66909],
							"size": [1, 1.5, 0.6],
							"pivot": [0, 0, 0],
							"rotation": [0, 22.5, 0],
							"uv": {
								"north": {"uv": [1.008, 0.008], "uv_size": [0.984, 1.484]},
								"east": {"uv": [1.008, 0.008], "uv_size": [0.592, 1.484]},
								"south": {"uv": [1.008, 0.008], "uv_size": [0.984, 1.484]},
								"west": {"uv": [1.008, 0.008], "uv_size": [0.592, 1.484]},
								"up": {"uv": [1.6, 0.992], "uv_size": [-0.592, -0.984]},
								"down": {"uv": [1.6, 0.992], "uv_size": [-0.592, -0.984]}
							}
						},
						{
							"origin": [-0.79251, 2.2, -3.16783],
							"size": [1, 1.5, 0.6],
							"pivot": [0, 0, 0],
							"rotation": [0, 45, 0],
							"uv": {
								"north": {"uv": [1.008, 0.008], "uv_size": [0.984, 1.484]},
								"east": {"uv": [1.008, 0.008], "uv_size": [0.592, 1.484]},
								"south": {"uv": [1.008, 0.008], "uv_size": [0.984, 1.484]},
								"west": {"uv": [1.008, 0.008], "uv_size": [0.592, 1.484]},
								"up": {"uv": [1.6, 0.992], "uv_size": [-0.592, -0.984]},
								"down": {"uv": [1.6, 0.992], "uv_size": [-0.592, -0.984]}
							}
						},
						{
							"origin": [-2.89296, 2.2, -2.17436],
							"size": [0.6, 1.5, 1],
							"pivot": [0, 0, 0],
							"rotation": [0, -22.5, 0],
							"uv": {
								"north": {"uv": [1.008, 0.008], "uv_size": [0.592, 1.484]},
								"east": {"uv": [1.008, 0.008], "uv_size": [0.984, 1.484]},
								"south": {"uv": [1.008, 0.008], "uv_size": [0.592, 1.484]},
								"west": {"uv": [1.008, 0.008], "uv_size": [0.984, 1.484]},
								"up": {"uv": [0.6, 1.992], "uv_size": [-0.592, -0.984]},
								"down": {"uv": [0.6, 1.992], "uv_size": [-0.592, -0.984]}
							}
						}
					]
				},
				{
					"name": "bottom ring2",
					"parent": "Pot",
					"pivot": [-8, 8, 8],
					"cubes": [
						{
							"origin": [-4.26064, 0.8872, -5.69336],
							"size": [0.9016, 1.3032, 0.54096],
							"uv": {
								"north": {"uv": [0.008, 0.008], "uv_size": [0.984, 1.984]},
								"east": {"uv": [0.008, 0.008], "uv_size": [0.592, 1.984]},
								"south": {"uv": [0.008, 0.008], "uv_size": [0.984, 1.984]},
								"west": {"uv": [0.008, 0.008], "uv_size": [0.592, 1.984]},
								"up": {"uv": [0.992, 0.6], "uv_size": [-0.984, -0.592]},
								"down": {"uv": [0.992, 0.6], "uv_size": [-0.984, -0.592]}
							}
						},
						{
							"origin": [-5.2821, 0.8872, -3.97453],
							"size": [0.9016, 1.3032, 0.54096],
							"pivot": [0, 0, 0],
							"rotation": [0, -22.5, 0],
							"uv": {
								"north": {"uv": [0.008, 0.008], "uv_size": [0.984, 1.984]},
								"east": {"uv": [0.008, 0.008], "uv_size": [0.592, 1.984]},
								"south": {"uv": [0.008, 0.008], "uv_size": [0.984, 1.984]},
								"west": {"uv": [0.008, 0.008], "uv_size": [0.592, 1.984]},
								"up": {"uv": [0.6, 0.992], "uv_size": [-0.592, -0.984]},
								"down": {"uv": [0.6, 0.992], "uv_size": [-0.592, -0.984]}
							}
						},
						{
							"origin": [-5.56805, 0.8872, -1.99564],
							"size": [0.9016, 1.3032, 0.54096],
							"pivot": [0, 0, 0],
							"rotation": [0, -45, 0],
							"uv": {
								"north": {"uv": [0.008, 0.008], "uv_size": [0.984, 1.984]},
								"east": {"uv": [0.008, 0.008], "uv_size": [0.592, 1.984]},
								"south": {"uv": [0.008, 0.008], "uv_size": [0.984, 1.984]},
								"west": {"uv": [0.008, 0.008], "uv_size": [0.592, 1.984]},
								"up": {"uv": [0.6, 0.992], "uv_size": [-0.592, -0.984]},
								"down": {"uv": [0.6, 0.992], "uv_size": [-0.592, -0.984]}
							}
						},
						{
							"origin": [-0.48299, 0.8872, -5.07493],
							"size": [0.54096, 1.3032, 0.9016],
							"pivot": [0, 0, 0],
							"rotation": [0, 22.5, 0],
							"uv": {
								"north": {"uv": [0.008, 0.008], "uv_size": [0.592, 1.984]},
								"east": {"uv": [0.008, 0.008], "uv_size": [0.984, 1.984]},
								"south": {"uv": [0.008, 0.008], "uv_size": [0.592, 1.984]},
								"west": {"uv": [0.008, 0.008], "uv_size": [0.984, 1.984]},
								"up": {"uv": [0.6, 0.992], "uv_size": [-0.592, -0.984]},
								"down": {"uv": [0.6, 0.992], "uv_size": [-0.592, -0.984]}
							}
						},
						{
							"origin": [-2.08448, 0.8872, -3.87784],
							"size": [0.54096, 1.3032, 0.9016],
							"uv": {
								"north": {"uv": [0.008, 0.008], "uv_size": [0.592, 1.984]},
								"east": {"uv": [0.008, 0.008], "uv_size": [0.984, 1.984]},
								"south": {"uv": [0.008, 0.008], "uv_size": [0.592, 1.984]},
								"west": {"uv": [0.008, 0.008], "uv_size": [0.984, 1.984]},
								"up": {"uv": [0.6, 0.992], "uv_size": [-0.592, -0.984]},
								"down": {"uv": [0.6, 0.992], "uv_size": [-0.592, -0.984]}
							}
						},
						{
							"origin": [-6.07616, 0.8872, -3.87784],
							"size": [0.54096, 1.3032, 0.9016],
							"uv": {
								"north": {"uv": [0.008, 0.008], "uv_size": [0.592, 1.984]},
								"east": {"uv": [0.008, 0.008], "uv_size": [0.984, 1.984]},
								"south": {"uv": [0.008, 0.008], "uv_size": [0.592, 1.984]},
								"west": {"uv": [0.008, 0.008], "uv_size": [0.984, 1.984]},
								"up": {"uv": [0.992, 0.6], "uv_size": [-0.984, -0.592]},
								"down": {"uv": [0.992, 0.6], "uv_size": [-0.984, -0.592]}
							}
						},
						{
							"origin": [-7.09763, 0.8872, -2.15901],
							"size": [0.54096, 1.3032, 0.9016],
							"pivot": [0, 0, 0],
							"rotation": [0, -22.5, 0],
							"uv": {
								"north": {"uv": [0.008, 0.008], "uv_size": [0.592, 1.984]},
								"east": {"uv": [0.008, 0.008], "uv_size": [0.984, 1.984]},
								"south": {"uv": [0.008, 0.008], "uv_size": [0.592, 1.984]},
								"west": {"uv": [0.008, 0.008], "uv_size": [0.984, 1.984]},
								"up": {"uv": [0.6, 0.992], "uv_size": [-0.592, -0.984]},
								"down": {"uv": [0.6, 0.992], "uv_size": [-0.592, -0.984]}
							}
						},
						{
							"origin": [-7.38357, 0.8872, -0.18012],
							"size": [0.54096, 1.3032, 0.9016],
							"pivot": [0, 0, 0],
							"rotation": [0, -45, 0],
							"uv": {
								"north": {"uv": [0.008, 0.008], "uv_size": [0.592, 1.984]},
								"east": {"uv": [0.008, 0.008], "uv_size": [0.984, 1.984]},
								"south": {"uv": [0.008, 0.008], "uv_size": [0.592, 1.984]},
								"west": {"uv": [0.008, 0.008], "uv_size": [0.984, 1.984]},
								"up": {"uv": [0.6, 0.992], "uv_size": [-0.592, -0.984]},
								"down": {"uv": [0.6, 0.992], "uv_size": [-0.592, -0.984]}
							}
						},
						{
							"origin": [-2.65916, 0.8872, -6.89045],
							"size": [0.9016, 1.3032, 0.54096],
							"pivot": [0, 0, 0],
							"rotation": [0, 22.5, 0],
							"uv": {
								"north": {"uv": [0.008, 0.008], "uv_size": [0.984, 1.984]},
								"east": {"uv": [0.008, 0.008], "uv_size": [0.592, 1.984]},
								"south": {"uv": [0.008, 0.008], "uv_size": [0.984, 1.984]},
								"west": {"uv": [0.008, 0.008], "uv_size": [0.592, 1.984]},
								"up": {"uv": [0.6, 0.992], "uv_size": [-0.592, -0.984]},
								"down": {"uv": [0.6, 0.992], "uv_size": [-0.592, -0.984]}
							}
						},
						{
							"origin": [-4.47469, 0.8872, -5.07493],
							"size": [0.54096, 1.3032, 0.9016],
							"pivot": [0, 0, 0],
							"rotation": [0, 22.5, 0],
							"uv": {
								"north": {"uv": [1.008, 0.008], "uv_size": [0.592, 1.984]},
								"east": {"uv": [1.008, 0.008], "uv_size": [0.984, 1.984]},
								"south": {"uv": [1.008, 0.008], "uv_size": [0.592, 1.984]},
								"west": {"uv": [1.008, 0.008], "uv_size": [0.984, 1.984]},
								"up": {"uv": [0.6, 1.992], "uv_size": [-0.592, -0.984]},
								"down": {"uv": [0.6, 1.992], "uv_size": [-0.592, -0.984]}
							}
						},
						{
							"origin": [-2.53701, 0.8872, -5.56805],
							"size": [0.54096, 1.3032, 0.9016],
							"pivot": [0, 0, 0],
							"rotation": [0, 45, 0],
							"uv": {
								"north": {"uv": [1.008, 0.008], "uv_size": [0.592, 1.984]},
								"east": {"uv": [1.008, 0.008], "uv_size": [0.984, 1.984]},
								"south": {"uv": [1.008, 0.008], "uv_size": [0.592, 1.984]},
								"west": {"uv": [1.008, 0.008], "uv_size": [0.984, 1.984]},
								"up": {"uv": [0.6, 1.992], "uv_size": [-0.592, -0.984]},
								"down": {"uv": [0.6, 1.992], "uv_size": [-0.592, -0.984]}
							}
						},
						{
							"origin": [-4.26064, 0.8872, -1.70167],
							"size": [0.9016, 1.3032, 0.54096],
							"uv": {
								"north": {"uv": [1.008, 0.008], "uv_size": [0.984, 1.984]},
								"east": {"uv": [1.008, 0.008], "uv_size": [0.592, 1.984]},
								"south": {"uv": [1.008, 0.008], "uv_size": [0.984, 1.984]},
								"west": {"uv": [1.008, 0.008], "uv_size": [0.592, 1.984]},
								"up": {"uv": [0.992, 1.6], "uv_size": [-0.984, -0.592]},
								"down": {"uv": [0.992, 1.6], "uv_size": [-0.984, -0.592]}
							}
						},
						{
							"origin": [-5.2821, 0.8872, 0.01716],
							"size": [0.9016, 1.3032, 0.54096],
							"pivot": [0, 0, 0],
							"rotation": [0, -22.5, 0],
							"uv": {
								"north": {"uv": [1.008, 0.008], "uv_size": [0.984, 1.984]},
								"east": {"uv": [1.008, 0.008], "uv_size": [0.592, 1.984]},
								"south": {"uv": [1.008, 0.008], "uv_size": [0.984, 1.984]},
								"west": {"uv": [1.008, 0.008], "uv_size": [0.592, 1.984]},
								"up": {"uv": [1.6, 0.992], "uv_size": [-0.592, -0.984]},
								"down": {"uv": [1.6, 0.992], "uv_size": [-0.592, -0.984]}
							}
						},
						{
							"origin": [-2.65916, 0.8872, -2.89877],
							"size": [0.9016, 1.3032, 0.54096],
							"pivot": [0, 0, 0],
							"rotation": [0, 22.5, 0],
							"uv": {
								"north": {"uv": [1.008, 0.008], "uv_size": [0.984, 1.984]},
								"east": {"uv": [1.008, 0.008], "uv_size": [0.592, 1.984]},
								"south": {"uv": [1.008, 0.008], "uv_size": [0.984, 1.984]},
								"west": {"uv": [1.008, 0.008], "uv_size": [0.592, 1.984]},
								"up": {"uv": [1.6, 0.992], "uv_size": [-0.592, -0.984]},
								"down": {"uv": [1.6, 0.992], "uv_size": [-0.592, -0.984]}
							}
						},
						{
							"origin": [-0.72148, 0.8872, -3.39188],
							"size": [0.9016, 1.3032, 0.54096],
							"pivot": [0, 0, 0],
							"rotation": [0, 45, 0],
							"uv": {
								"north": {"uv": [1.008, 0.008], "uv_size": [0.984, 1.984]},
								"east": {"uv": [1.008, 0.008], "uv_size": [0.592, 1.984]},
								"south": {"uv": [1.008, 0.008], "uv_size": [0.984, 1.984]},
								"west": {"uv": [1.008, 0.008], "uv_size": [0.592, 1.984]},
								"up": {"uv": [1.6, 0.992], "uv_size": [-0.592, -0.984]},
								"down": {"uv": [1.6, 0.992], "uv_size": [-0.592, -0.984]}
							}
						},
						{
							"origin": [-3.10593, 0.8872, -2.159],
							"size": [0.54096, 1.3032, 0.9016],
							"pivot": [0, 0, 0],
							"rotation": [0, -22.5, 0],
							"uv": {
								"north": {"uv": [1.008, 0.008], "uv_size": [0.592, 1.984]},
								"east": {"uv": [1.008, 0.008], "uv_size": [0.984, 1.984]},
								"south": {"uv": [1.008, 0.008], "uv_size": [0.592, 1.984]},
								"west": {"uv": [1.008, 0.008], "uv_size": [0.984, 1.984]},
								"up": {"uv": [0.6, 1.992], "uv_size": [-0.592, -0.984]},
								"down": {"uv": [0.6, 1.992], "uv_size": [-0.592, -0.984]}
							}
						}
					]
				},
				{
					"name": "bottom ring3",
					"parent": "Pot",
					"pivot": [-8, 8, 8],
					"cubes": [
						{
							"origin": [-4.22544, -0.01075, -5.50857],
							"size": [0.8136, 0.96385, 2.08816],
							"uv": {
								"north": {"uv": [0.008, 0.008], "uv_size": [0.984, 1.984]},
								"east": {"uv": [0.008, 0.008], "uv_size": [0.592, 1.984]},
								"south": {"uv": [0.008, 0.008], "uv_size": [0.984, 1.984]},
								"west": {"uv": [0.008, 0.008], "uv_size": [0.592, 1.984]},
								"up": {"uv": [0.992, 0.6], "uv_size": [-0.984, -0.592]},
								"down": {"uv": [0.992, 0.6], "uv_size": [-0.984, -0.592]}
							}
						},
						{
							"origin": [-5.26017, -0.01075, -3.7836],
							"size": [0.8136, 0.96385, 1.48816],
							"pivot": [0, 0, 0],
							"rotation": [0, -22.5, 0],
							"uv": {
								"north": {"uv": [0.008, 0.008], "uv_size": [0.984, 1.984]},
								"east": {"uv": [0.008, 0.008], "uv_size": [0.592, 1.984]},
								"south": {"uv": [0.008, 0.008], "uv_size": [0.984, 1.984]},
								"west": {"uv": [0.008, 0.008], "uv_size": [0.592, 1.984]},
								"up": {"uv": [0.6, 0.992], "uv_size": [-0.592, -0.984]},
								"down": {"uv": [0.6, 0.992], "uv_size": [-0.592, -0.984]}
							}
						},
						{
							"origin": [-5.55601, -0.01075, -1.79396],
							"size": [0.81361, 0.96385, 1.48816],
							"pivot": [0, 0, 0],
							"rotation": [0, -45, 0],
							"uv": {
								"north": {"uv": [0.008, 0.008], "uv_size": [0.984, 1.984]},
								"east": {"uv": [0.008, 0.008], "uv_size": [0.592, 1.984]},
								"south": {"uv": [0.008, 0.008], "uv_size": [0.984, 1.984]},
								"west": {"uv": [0.008, 0.008], "uv_size": [0.592, 1.984]},
								"up": {"uv": [0.6, 0.992], "uv_size": [-0.592, -0.984]},
								"down": {"uv": [0.6, 0.992], "uv_size": [-0.592, -0.984]}
							}
						},
						{
							"origin": [-1.64559, -0.01075, -5.06793],
							"size": [1.48816, 0.96385, 0.8136],
							"pivot": [0, 0, 0],
							"rotation": [0, 22.5, 0],
							"uv": {
								"north": {"uv": [0.008, 0.008], "uv_size": [0.592, 1.984]},
								"east": {"uv": [0.008, 0.008], "uv_size": [0.984, 1.984]},
								"south": {"uv": [0.008, 0.008], "uv_size": [0.592, 1.984]},
								"west": {"uv": [0.008, 0.008], "uv_size": [0.984, 1.984]},
								"up": {"uv": [0.6, 0.992], "uv_size": [-0.592, -0.984]},
								"down": {"uv": [0.6, 0.992], "uv_size": [-0.592, -0.984]}
							}
						},
						{
							"origin": [-3.46167, -0.01075, -3.87024],
							"size": [1.68816, 0.96385, 0.81361],
							"uv": {
								"north": {"uv": [0.008, 0.008], "uv_size": [0.592, 1.984]},
								"east": {"uv": [0.008, 0.008], "uv_size": [0.984, 1.984]},
								"south": {"uv": [0.008, 0.008], "uv_size": [0.592, 1.984]},
								"west": {"uv": [0.008, 0.008], "uv_size": [0.984, 1.984]},
								"up": {"uv": [0.6, 0.992], "uv_size": [-0.592, -0.984]},
								"down": {"uv": [0.6, 0.992], "uv_size": [-0.592, -0.984]}
							}
						},
						{
							"origin": [-5.86377, -0.01075, -3.87024],
							"size": [1.68816, 0.96385, 0.81361],
							"uv": {
								"north": {"uv": [0.008, 0.008], "uv_size": [0.592, 1.984]},
								"east": {"uv": [0.008, 0.008], "uv_size": [0.984, 1.984]},
								"south": {"uv": [0.008, 0.008], "uv_size": [0.592, 1.984]},
								"west": {"uv": [0.008, 0.008], "uv_size": [0.984, 1.984]},
								"up": {"uv": [0.992, 0.6], "uv_size": [-0.984, -0.592]},
								"down": {"uv": [0.992, 0.6], "uv_size": [-0.984, -0.592]}
							}
						},
						{
							"origin": [-6.89849, -0.01075, -2.14527],
							"size": [1.48816, 0.96385, 0.8136],
							"pivot": [0, 0, 0],
							"rotation": [0, -22.5, 0],
							"uv": {
								"north": {"uv": [0.008, 0.008], "uv_size": [0.592, 1.984]},
								"east": {"uv": [0.008, 0.008], "uv_size": [0.984, 1.984]},
								"south": {"uv": [0.008, 0.008], "uv_size": [0.592, 1.984]},
								"west": {"uv": [0.008, 0.008], "uv_size": [0.984, 1.984]},
								"up": {"uv": [0.6, 0.992], "uv_size": [-0.592, -0.984]},
								"down": {"uv": [0.6, 0.992], "uv_size": [-0.592, -0.984]}
							}
						},
						{
							"origin": [-7.19434, -0.01075, -0.15564],
							"size": [1.58817, 0.96385, 0.8136],
							"pivot": [0, 0, 0],
							"rotation": [0, -45, 0],
							"uv": {
								"north": {"uv": [0.008, 0.008], "uv_size": [0.592, 1.984]},
								"east": {"uv": [0.008, 0.008], "uv_size": [0.984, 1.984]},
								"south": {"uv": [0.008, 0.008], "uv_size": [0.592, 1.984]},
								"west": {"uv": [0.008, 0.008], "uv_size": [0.984, 1.984]},
								"up": {"uv": [0.6, 0.992], "uv_size": [-0.592, -0.984]},
								"down": {"uv": [0.6, 0.992], "uv_size": [-0.592, -0.984]}
							}
						},
						{
							"origin": [-2.60936, -0.01075, -6.70626],
							"size": [0.8136, 0.96385, 1.48816],
							"pivot": [0, 0, 0],
							"rotation": [0, 22.5, 0],
							"uv": {
								"north": {"uv": [0.008, 0.008], "uv_size": [0.984, 1.984]},
								"east": {"uv": [0.008, 0.008], "uv_size": [0.592, 1.984]},
								"south": {"uv": [0.008, 0.008], "uv_size": [0.984, 1.984]},
								"west": {"uv": [0.008, 0.008], "uv_size": [0.592, 1.984]},
								"up": {"uv": [0.6, 0.992], "uv_size": [-0.592, -0.984]},
								"down": {"uv": [0.6, 0.992], "uv_size": [-0.592, -0.984]}
							}
						},
						{
							"origin": [-4.24769, -0.01075, -5.06793],
							"size": [1.48816, 0.96385, 0.81361],
							"pivot": [0, 0, 0],
							"rotation": [0, 22.5, 0],
							"uv": {
								"north": {"uv": [1.008, 0.008], "uv_size": [0.592, 1.984]},
								"east": {"uv": [1.008, 0.008], "uv_size": [0.984, 1.984]},
								"south": {"uv": [1.008, 0.008], "uv_size": [0.592, 1.984]},
								"west": {"uv": [1.008, 0.008], "uv_size": [0.984, 1.984]},
								"up": {"uv": [0.6, 1.992], "uv_size": [-0.592, -0.984]},
								"down": {"uv": [0.6, 1.992], "uv_size": [-0.592, -0.984]}
							}
						},
						{
							"origin": [-2.29631, -0.01075, -5.556],
							"size": [1.48817, 0.96385, 0.8136],
							"pivot": [0, 0, 0],
							"rotation": [0, 45, 0],
							"uv": {
								"north": {"uv": [1.008, 0.008], "uv_size": [0.592, 1.984]},
								"east": {"uv": [1.008, 0.008], "uv_size": [0.984, 1.984]},
								"south": {"uv": [1.008, 0.008], "uv_size": [0.592, 1.984]},
								"west": {"uv": [1.008, 0.008], "uv_size": [0.984, 1.984]},
								"up": {"uv": [0.6, 1.992], "uv_size": [-0.592, -0.984]},
								"down": {"uv": [0.6, 1.992], "uv_size": [-0.592, -0.984]}
							}
						},
						{
							"origin": [-4.22544, -0.01075, -3.50647],
							"size": [0.8136, 0.96385, 2.08816],
							"uv": {
								"north": {"uv": [1.008, 0.008], "uv_size": [0.984, 1.984]},
								"east": {"uv": [1.008, 0.008], "uv_size": [0.592, 1.984]},
								"south": {"uv": [1.008, 0.008], "uv_size": [0.984, 1.984]},
								"west": {"uv": [1.008, 0.008], "uv_size": [0.592, 1.984]},
								"up": {"uv": [0.992, 1.6], "uv_size": [-0.984, -0.592]},
								"down": {"uv": [0.992, 1.6], "uv_size": [-0.984, -0.592]}
							}
						},
						{
							"origin": [-5.26016, -0.01075, -1.1815],
							"size": [0.8136, 0.96385, 1.48816],
							"pivot": [0, 0, 0],
							"rotation": [0, -22.5, 0],
							"uv": {
								"north": {"uv": [1.008, 0.008], "uv_size": [0.984, 1.984]},
								"east": {"uv": [1.008, 0.008], "uv_size": [0.592, 1.984]},
								"south": {"uv": [1.008, 0.008], "uv_size": [0.984, 1.984]},
								"west": {"uv": [1.008, 0.008], "uv_size": [0.592, 1.984]},
								"up": {"uv": [1.6, 0.992], "uv_size": [-0.592, -0.984]},
								"down": {"uv": [1.6, 0.992], "uv_size": [-0.592, -0.984]}
							}
						},
						{
							"origin": [-2.60936, -0.01075, -4.10416],
							"size": [0.8136, 0.96385, 1.48816],
							"pivot": [0, 0, 0],
							"rotation": [0, 22.5, 0],
							"uv": {
								"north": {"uv": [1.008, 0.008], "uv_size": [0.984, 1.984]},
								"east": {"uv": [1.008, 0.008], "uv_size": [0.592, 1.984]},
								"south": {"uv": [1.008, 0.008], "uv_size": [0.984, 1.984]},
								"west": {"uv": [1.008, 0.008], "uv_size": [0.592, 1.984]},
								"up": {"uv": [1.6, 0.992], "uv_size": [-0.592, -0.984]},
								"down": {"uv": [1.6, 0.992], "uv_size": [-0.592, -0.984]}
							}
						},
						{
							"origin": [-0.65797, -0.01075, -4.69224],
							"size": [0.81361, 0.96385, 1.58816],
							"pivot": [0, 0, 0],
							"rotation": [0, 45, 0],
							"uv": {
								"north": {"uv": [1.008, 0.008], "uv_size": [0.984, 1.984]},
								"east": {"uv": [1.008, 0.008], "uv_size": [0.592, 1.984]},
								"south": {"uv": [1.008, 0.008], "uv_size": [0.984, 1.984]},
								"west": {"uv": [1.008, 0.008], "uv_size": [0.592, 1.984]},
								"up": {"uv": [1.6, 0.992], "uv_size": [-0.592, -0.984]},
								"down": {"uv": [1.6, 0.992], "uv_size": [-0.592, -0.984]}
							}
						},
						{
							"origin": [-4.29639, -0.01075, -2.14527],
							"size": [1.48816, 0.96385, 0.81361],
							"pivot": [0, 0, 0],
							"rotation": [0, -22.5, 0],
							"uv": {
								"north": {"uv": [1.008, 0.008], "uv_size": [0.592, 1.984]},
								"east": {"uv": [1.008, 0.008], "uv_size": [0.984, 1.984]},
								"south": {"uv": [1.008, 0.008], "uv_size": [0.592, 1.984]},
								"west": {"uv": [1.008, 0.008], "uv_size": [0.984, 1.984]},
								"up": {"uv": [0.6, 1.992], "uv_size": [-0.592, -0.984]},
								"down": {"uv": [0.6, 1.992], "uv_size": [-0.592, -0.984]}
							}
						}
					]
				},
				{
					"name": "Pot2",
					"pivot": [-8, 8, 8]
				},
				{
					"name": "top ring",
					"parent": "Pot2",
					"pivot": [-8, 8, 8],
					"cubes": [
						{
							"origin": [1.8396, 3.64976, -4.57464],
							"size": [1.12488, 1.24976, 0.67493],
							"uv": {
								"north": {"uv": [0.008, 0.008], "uv_size": [0.984, 1.984]},
								"east": {"uv": [0.008, 0.008], "uv_size": [0.592, 1.984]},
								"south": {"uv": [0.008, 0.008], "uv_size": [0.984, 1.984]},
								"west": {"uv": [0.008, 0.008], "uv_size": [0.592, 1.984]},
								"up": {"uv": [0.992, 0.6], "uv_size": [-0.984, -0.592]},
								"down": {"uv": [0.992, 0.6], "uv_size": [-0.984, -0.592]}
							}
						},
						{
							"origin": [0.98818, 3.64976, -5.36088],
							"size": [1.12488, 1.24976, 0.67493],
							"pivot": [0, 0, 0],
							"rotation": [0, -22.5, 0],
							"uv": {
								"north": {"uv": [0.008, 0.008], "uv_size": [0.984, 1.984]},
								"east": {"uv": [0.008, 0.008], "uv_size": [0.592, 1.984]},
								"south": {"uv": [0.008, 0.008], "uv_size": [0.984, 1.984]},
								"west": {"uv": [0.008, 0.008], "uv_size": [0.592, 1.984]},
								"up": {"uv": [0.6, 0.992], "uv_size": [-0.592, -0.984]},
								"down": {"uv": [0.6, 0.992], "uv_size": [-0.592, -0.984]}
							}
						},
						{
							"origin": [-0.09931, 3.64976, -5.76144],
							"size": [1.12488, 1.24976, 0.67493],
							"pivot": [0, 0, 0],
							"rotation": [0, -45, 0],
							"uv": {
								"north": {"uv": [0.008, 0.008], "uv_size": [0.984, 1.984]},
								"east": {"uv": [0.008, 0.008], "uv_size": [0.592, 1.984]},
								"south": {"uv": [0.008, 0.008], "uv_size": [0.984, 1.984]},
								"west": {"uv": [0.008, 0.008], "uv_size": [0.592, 1.984]},
								"up": {"uv": [0.6, 0.992], "uv_size": [-0.592, -0.984]},
								"down": {"uv": [0.6, 0.992], "uv_size": [-0.592, -0.984]}
							}
						},
						{
							"origin": [5.04042, 3.64976, -1.25729],
							"size": [0.67493, 1.24976, 1.12488],
							"pivot": [0, 0, 0],
							"rotation": [0, 22.5, 0],
							"uv": {
								"north": {"uv": [0.008, 0.008], "uv_size": [0.592, 1.984]},
								"east": {"uv": [0.008, 0.008], "uv_size": [0.984, 1.984]},
								"south": {"uv": [0.008, 0.008], "uv_size": [0.592, 1.984]},
								"west": {"uv": [0.008, 0.008], "uv_size": [0.984, 1.984]},
								"up": {"uv": [0.6, 0.992], "uv_size": [-0.592, -0.984]},
								"down": {"uv": [0.6, 0.992], "uv_size": [-0.592, -0.984]}
							}
						},
						{
