{
	"format_version": "1.12.0",
	"minecraft:geometry": [
		{
			"description": {
				"identifier": "geometry.pot_spilled",
				"texture_width": 32,
				"texture_height": 16,
				"visible_bounds_width": 2,
				"visible_bounds_height": 1.5,
				"visible_bounds_offset": [0, 0.25, 0]
			},
			"bones": [
				{
					"name": "Pot",
					"pivot": [-8, 8, 8]
				},
				{
					"name": "top ring",
					"parent": "Pot",
					"pivot": [-8, 8, 8],
					"cubes": [
						{
							"origin": [0.32309, 4.61338, -0.72751],
							"size": [1.12488, 0.67493, 1.24976],
							"pivot": [0, 0, 0],
							"rotation": [-180, 0, 180],
							"uv": {
								"north": {"uv": [0.015, 0.015], "uv_size": [0.97, 0.585]},
								"east": {"uv": [0.015, 0.015], "uv_size": [0.585, 1.97]},
								"south": {"uv": [0.015, 0.015], "uv_size": [0.97, 0.585]},
								"west": {"uv": [0.015, 0.015], "uv_size": [0.585, 1.97]},
								"up": {"uv": [0.985, 1.985], "uv_size": [-0.97, -1.97]},
								"down": {"uv": [0.985, 1.985], "uv_size": [-0.97, -1.97]}
							}
						},
						{
							"origin": [-0.686, 4.76495, -0.72751],
							"size": [1.12488, 0.67493, 1.24976],
							"pivot": [0, 0, 0],
							"rotation": [180, 0, 157.5],
							"uv": {
								"north": {"uv": [0.015, 0.015], "uv_size": [0.585, 0.97]},
								"east": {"uv": [0.015, 0.015], "uv_size": [0.585, 1.97]},
								"south": {"uv": [0.015, 0.015], "uv_size": [0.585, 0.97]},
								"west": {"uv": [0.015, 0.015], "uv_size": [0.585, 1.97]},
								"up": {"uv": [0.985, 1.985], "uv_size": [-0.97, -1.97]},
								"down": {"uv": [0.985, 1.985], "uv_size": [-0.97, -1.97]}
							}
						},
						{
							"origin": [-1.67628, 4.51881, -0.72751],
							"size": [1.12488, 0.67493, 1.24976],
							"pivot": [0, 0, 0],
							"rotation": [180, 0, 135],
							"uv": {
								"north": {"uv": [0.015, 0.015], "uv_size": [0.585, 0.97]},
								"east": {"uv": [0.015, 0.015], "uv_size": [0.585, 1.97]},
								"south": {"uv": [0.015, 0.015], "uv_size": [0.585, 0.97]},
								"west": {"uv": [0.015, 0.015], "uv_size": [0.585, 1.97]},
								"up": {"uv": [0.985, 1.985], "uv_size": [-0.97, -1.97]},
								"down": {"uv": [0.985, 1.985], "uv_size": [-0.97, -1.97]}
							}
						},
						{
							"origin": [3.91246, 1.3721, -0.72751],
							"size": [0.67493, 1.12488, 1.24976],
							"pivot": [0, 0, 0],
							"rotation": [-180, 0, -157.5],
							"uv": {
								"north": {"uv": [0.015, 0.015], "uv_size": [0.585, 0.97]},
								"east": {"uv": [0.015, 0.015], "uv_size": [0.97, 1.97]},
								"south": {"uv": [0.015, 0.015], "uv_size": [0.585, 0.97]},
								"west": {"uv": [0.015, 0.015], "uv_size": [0.97, 1.97]},
								"up": {"uv": [0.6, 1.985], "uv_size": [-0.585, -1.97]},
								"down": {"uv": [0.6, 1.985], "uv_size": [-0.585, -1.97]}
							}
						},
						{
							"origin": [3.03818, 1.89829, -0.72751],
							"size": [0.67493, 1.12488, 1.24976],
							"pivot": [0, 0, 0],
							"rotation": [-180, 0, 180],
							"uv": {
								"north": {"uv": [0.015, 0.015], "uv_size": [0.585, 0.97]},
								"east": {"uv": [0.015, 0.015], "uv_size": [0.97, 1.97]},
								"south": {"uv": [0.015, 0.015], "uv_size": [0.585, 0.97]},
								"west": {"uv": [0.015, 0.015], "uv_size": [0.97, 1.97]},
								"up": {"uv": [0.6, 1.985], "uv_size": [-0.585, -1.97]},
								"down": {"uv": [0.6, 1.985], "uv_size": [-0.585, -1.97]}
							}
						},
						{
							"origin": [-1.94205, 1.89829, -0.72751],
							"size": [0.67493, 1.12488, 1.24976],
							"pivot": [0, 0, 0],
							"rotation": [-180, 0, 180],
							"uv": {
								"north": {"uv": [0.015, 0.015], "uv_size": [0.97, 0.585]},
								"east": {"uv": [0.015, 0.015], "uv_size": [0.97, 1.97]},
								"south": {"uv": [0.015, 0.015], "uv_size": [0.97, 0.585]},
								"west": {"uv": [0.015, 0.015], "uv_size": [0.97, 1.97]},
								"up": {"uv": [0.6, 1.985], "uv_size": [-0.585, -1.97]},
								"down": {"uv": [0.6, 1.985], "uv_size": [-0.585, -1.97]}
							}
						},
						{
							"origin": [-2.95113, 2.04986, -0.72751],
							"size": [0.67492, 1.12488, 1.24976],
							"pivot": [0, 0, 0],
							"rotation": [180, 0, 157.5],
							"uv": {
								"north": {"uv": [0.015, 0.015], "uv_size": [0.585, 0.97]},
								"east": {"uv": [0.015, 0.015], "uv_size": [0.97, 1.97]},
								"south": {"uv": [0.015, 0.015], "uv_size": [0.585, 0.97]},
								"west": {"uv": [0.015, 0.015], "uv_size": [0.97, 1.97]},
								"up": {"uv": [0.6, 1.985], "uv_size": [-0.585, -1.97]},
								"down": {"uv": [0.6, 1.985], "uv_size": [-0.585, -1.97]}
							}
						},
						{
							"origin": [-3.94141, 1.80373, -0.72751],
							"size": [0.67492, 1.12488, 1.24976],
							"pivot": [0, 0, 0],
							"rotation": [180, 0, 135],
							"uv": {
								"north": {"uv": [0.015, 0.015], "uv_size": [0.585, 0.97]},
								"east": {"uv": [0.015, 0.015], "uv_size": [0.97, 1.97]},
								"south": {"uv": [0.015, 0.015], "uv_size": [0.585, 0.97]},
								"west": {"uv": [0.015, 0.015], "uv_size": [0.97, 1.97]},
								"up": {"uv": [0.6, 1.985], "uv_size": [-0.585, -1.97]},
								"down": {"uv": [0.6, 1.985], "uv_size": [-0.585, -1.97]}
							}
						},
						{
							"origin": [1.19737, 4.08719, -0.72751],
							"size": [1.12488, 0.67493, 1.24976],
							"pivot": [0, 0, 0],
							"rotation": [-180, 0, -157.5],
							"uv": {
								"north": {"uv": [0.015, 0.015], "uv_size": [0.585, 0.97]},
								"east": {"uv": [0.015, 0.015], "uv_size": [0.585, 1.97]},
								"south": {"uv": [0.015, 0.015], "uv_size": [0.585, 0.97]},
								"west": {"uv": [0.015, 0.015], "uv_size": [0.585, 1.97]},
								"up": {"uv": [0.985, 1.985], "uv_size": [-0.97, -1.97]},
								"down": {"uv": [0.985, 1.985], "uv_size": [-0.97, -1.97]}
							}
						},
						{
							"origin": [-1.06777, 1.3721, -0.72751],
							"size": [0.67492, 1.12488, 1.24976],
							"pivot": [0, 0, 0],
							"rotation": [-180, 0, -157.5],
							"uv": {
								"north": {"uv": [0.015, 1.015], "uv_size": [0.585, 0.97]},
								"east": {"uv": [1.015, 0.015], "uv_size": [0.97, 1.97]},
								"south": {"uv": [0.015, 1.015], "uv_size": [0.585, 0.97]},
								"west": {"uv": [1.015, 0.015], "uv_size": [0.97, 1.97]},
								"up": {"uv": [1.6, 1.985], "uv_size": [-0.585, -1.97]},
								"down": {"uv": [1.6, 1.985], "uv_size": [-0.585, -1.97]}
							}
						},
						{
							"origin": [-0.46141, 0.5514, -0.72751],
							"size": [0.67492, 1.12488, 1.24976],
							"pivot": [0, 0, 0],
							"rotation": [-180, 0, -135],
							"uv": {
								"north": {"uv": [0.015, 1.015], "uv_size": [0.585, 0.97]},
								"east": {"uv": [1.015, 0.015], "uv_size": [0.97, 1.97]},
								"south": {"uv": [0.015, 1.015], "uv_size": [0.585, 0.97]},
								"west": {"uv": [1.015, 0.015], "uv_size": [0.97, 1.97]},
								"up": {"uv": [1.6, 1.985], "uv_size": [-0.585, -1.97]},
								"down": {"uv": [1.6, 1.985], "uv_size": [-0.585, -1.97]}
							}
						},
						{
							"origin": [0.32309, -0.36684, -0.72751],
							"size": [1.12488, 0.67492, 1.24976],
							"pivot": [0, 0, 0],
							"rotation": [-180, 0, 180],
							"uv": {
								"north": {"uv": [0.015, 1.015], "uv_size": [0.97, 0.585]},
								"east": {"uv": [1.015, 0.015], "uv_size": [0.585, 1.97]},
								"south": {"uv": [0.015, 1.015], "uv_size": [0.97, 0.585]},
								"west": {"uv": [1.015, 0.015], "uv_size": [0.585, 1.97]},
								"up": {"uv": [1.985, 1.985], "uv_size": [-0.97, -1.97]},
								"down": {"uv": [1.985, 1.985], "uv_size": [-0.97, -1.97]}
							}
						},
						{
							"origin": [-0.686, -0.21528, -0.72751],
							"size": [1.12488, 0.67493, 1.24976],
							"pivot": [0, 0, 0],
							"rotation": [180, 0, 157.5],
							"uv": {
								"north": {"uv": [1.015, 0.015], "uv_size": [0.585, 0.97]},
								"east": {"uv": [1.015, 0.015], "uv_size": [0.585, 1.97]},
								"south": {"uv": [1.015, 0.015], "uv_size": [0.585, 0.97]},
								"west": {"uv": [1.015, 0.015], "uv_size": [0.585, 1.97]},
								"up": {"uv": [1.985, 1.985], "uv_size": [-0.97, -1.97]},
								"down": {"uv": [1.985, 1.985], "uv_size": [-0.97, -1.97]}
							}
						},
						{
							"origin": [1.19736, -0.89303, -0.72751],
							"size": [1.12488, 0.67493, 1.24976],
							"pivot": [0, 0, 0],
							"rotation": [-180, 0, -157.5],
							"uv": {
								"north": {"uv": [1.015, 0.015], "uv_size": [0.585, 0.97]},
								"east": {"uv": [1.015, 0.015], "uv_size": [0.585, 1.97]},
								"south": {"uv": [1.015, 0.015], "uv_size": [0.585, 0.97]},
								"west": {"uv": [1.015, 0.015], "uv_size": [0.585, 1.97]},
								"up": {"uv": [1.985, 1.985], "uv_size": [-0.97, -1.97]},
								"down": {"uv": [1.985, 1.985], "uv_size": [-0.97, -1.97]}
							}
						},
						{
							"origin": [1.80372, -1.71374, -0.72751],
							"size": [1.12488, 0.67493, 1.24976],
							"pivot": [0, 0, 0],
							"rotation": [-180, 0, -135],
							"uv": {
								"north": {"uv": [1.015, 0.015], "uv_size": [0.585, 0.97]},
								"east": {"uv": [1.015, 0.015], "uv_size": [0.585, 1.97]},
								"south": {"uv": [1.015, 0.015], "uv_size": [0.585, 0.97]},
								"west": {"uv": [1.015, 0.015], "uv_size": [0.585, 1.97]},
								"up": {"uv": [1.985, 1.985], "uv_size": [-0.97, -1.97]},
								"down": {"uv": [1.985, 1.985], "uv_size": [-0.97, -1.97]}
							}
						},
						{
							"origin": [2.02909, 2.04985, -0.72751],
							"size": [0.67493, 1.12488, 1.24976],
							"pivot": [0, 0, 0],
							"rotation": [180, 0, 157.5],
							"uv": {
								"north": {"uv": [0.015, 1.015], "uv_size": [0.585, 0.97]},
								"east": {"uv": [1.015, 0.015], "uv_size": [0.97, 1.97]},
								"south": {"uv": [0.015, 1.015], "uv_size": [0.585, 0.97]},
								"west": {"uv": [1.015, 0.015], "uv_size": [0.97, 1.97]},
								"up": {"uv": [1.6, 1.985], "uv_size": [-0.585, -1.97]},
								"down": {"uv": [1.6, 1.985], "uv_size": [-0.585, -1.97]}
							}
						}
					]
				},
				{
					"name": "bottom ring",
					"parent": "Pot",
					"pivot": [-8, 8, 8],
					"cubes": [
						{
							"origin": [0.38349, 4.31367, -2.17727],
							"size": [1, 0.6, 1.5],
							"pivot": [0, 0, 0],
							"rotation": [-180, 0, 180],
							"uv": {
								"north": {"uv": [0.015, 0.015], "uv_size": [0.97, 0.585]},
								"east": {"uv": [0.015, 0.015], "uv_size": [0.585, 1.47]},
								"south": {"uv": [0.015, 0.015], "uv_size": [0.97, 0.585]},
								"west": {"uv": [0.015, 0.015], "uv_size": [0.585, 1.47]},
								"up": {"uv": [0.985, 1.485], "uv_size": [-0.97, -1.47]},
								"down": {"uv": [0.985, 1.485], "uv_size": [-0.97, -1.47]}
							}
						},
						{
							"origin": [-0.6022, 4.46908, -2.17727],
							"size": [1, 0.6, 1.5],
							"pivot": [0, 0, 0],
							"rotation": [180, 0, 157.5],
							"uv": {
								"north": {"uv": [0.015, 0.015], "uv_size": [0.585, 0.97]},
								"east": {"uv": [0.015, 0.015], "uv_size": [0.585, 1.47]},
								"south": {"uv": [0.015, 0.015], "uv_size": [0.585, 0.97]},
								"west": {"uv": [0.015, 0.015], "uv_size": [0.585, 1.47]},
								"up": {"uv": [0.985, 1.485], "uv_size": [-0.97, -1.47]},
								"down": {"uv": [0.985, 1.485], "uv_size": [-0.97, -1.47]}
							}
						},
						{
							"origin": [-1.57234, 4.23545, -2.17727],
							"size": [1, 0.6, 1.5],
							"pivot": [0, 0, 0],
							"rotation": [180, 0, 135],
							"uv": {
								"north": {"uv": [0.015, 0.015], "uv_size": [0.585, 0.97]},
								"east": {"uv": [0.015, 0.015], "uv_size": [0.585, 1.47]},
								"south": {"uv": [0.015, 0.015], "uv_size": [0.585, 0.97]},
								"west": {"uv": [0.015, 0.015], "uv_size": [0.585, 1.47]},
								"up": {"uv": [0.985, 1.485], "uv_size": [-0.97, -1.47]},
								"down": {"uv": [0.985, 1.485], "uv_size": [-0.97, -1.47]}
							}
						},
						{
							"origin": [3.64835, 1.37922, -2.17727],
							"size": [0.6, 1, 1.5],
							"pivot": [0, 0, 0],
							"rotation": [-180, 0, -157.5],
							"uv": {
								"north": {"uv": [0.015, 0.015], "uv_size": [0.585, 0.97]},
								"east": {"uv": [0.015, 0.015], "uv_size": [0.97, 1.47]},
								"south": {"uv": [0.015, 0.015], "uv_size": [0.585, 0.97]},
								"west": {"uv": [0.015, 0.015], "uv_size": [0.97, 1.47]},
								"up": {"uv": [0.6, 1.485], "uv_size": [-0.585, -1.47]},
								"down": {"uv": [0.6, 1.485], "uv_size": [-0.585, -1.47]}
							}
						},
						{
							"origin": [2.79716, 1.9, -2.17727],
							"size": [0.6, 1, 1.5],
							"pivot": [0, 0, 0],
							"rotation": [-180, 0, 180],
							"uv": {
								"north": {"uv": [0.015, 0.015], "uv_size": [0.585, 0.97]},
								"east": {"uv": [0.015, 0.015], "uv_size": [0.97, 1.47]},
								"south": {"uv": [0.015, 0.015], "uv_size": [0.585, 0.97]},
								"west": {"uv": [0.015, 0.015], "uv_size": [0.97, 1.47]},
								"up": {"uv": [0.6, 1.485], "uv_size": [-0.585, -1.47]},
								"down": {"uv": [0.6, 1.485], "uv_size": [-0.585, -1.47]}
							}
						},
						{
							"origin": [-1.63018, 1.9, -2.17727],
							"size": [0.6, 1, 1.5],
							"pivot": [0, 0, 0],
							"rotation": [-180, 0, 180],
							"uv": {
								"north": {"uv": [0.015, 0.015], "uv_size": [0.97, 0.585]},
								"east": {"uv": [0.015, 0.015], "uv_size": [0.97, 1.47]},
								"south": {"uv": [0.015, 0.015], "uv_size": [0.97, 0.585]},
								"west": {"uv": [0.015, 0.015], "uv_size": [0.97, 1.47]},
								"up": {"uv": [0.6, 1.485], "uv_size": [-0.585, -1.47]},
								"down": {"uv": [0.6, 1.485], "uv_size": [-0.585, -1.47]}
							}
						},
						{
							"origin": [-2.61588, 2.05541, -2.17727],
							"size": [0.6, 1, 1.5],
							"pivot": [0, 0, 0],
							"rotation": [180, 0, 157.5],
							"uv": {
								"north": {"uv": [0.015, 0.015], "uv_size": [0.585, 0.97]},
								"east": {"uv": [0.015, 0.015], "uv_size": [0.97, 1.47]},
								"south": {"uv": [0.015, 0.015], "uv_size": [0.585, 0.97]},
								"west": {"uv": [0.015, 0.015], "uv_size": [0.97, 1.47]},
								"up": {"uv": [0.6, 1.485], "uv_size": [-0.585, -1.47]},
								"down": {"uv": [0.6, 1.485], "uv_size": [-0.585, -1.47]}
							}
						},
						{
							"origin": [-3.58601, 1.82178, -2.17727],
							"size": [0.6, 1, 1.5],
							"pivot": [0, 0, 0],
							"rotation": [180, 0, 135],
							"uv": {
								"north": {"uv": [0.015, 0.015], "uv_size": [0.585, 0.97]},
								"east": {"uv": [0.015, 0.015], "uv_size": [0.97, 1.47]},
								"south": {"uv": [0.015, 0.015], "uv_size": [0.585, 0.97]},
								"west": {"uv": [0.015, 0.015], "uv_size": [0.97, 1.47]},
								"up": {"uv": [0.6, 1.485], "uv_size": [-0.585, -1.47]},
								"down": {"uv": [0.6, 1.485], "uv_size": [-0.585, -1.47]}
							}
						},
						{
							"origin": [1.23468, 3.79289, -2.17727],
							"size": [1, 0.6, 1.5],
							"pivot": [0, 0, 0],
							"rotation": [-180, 0, -157.5],
							"uv": {
								"north": {"uv": [0.015, 0.015], "uv_size": [0.585, 0.97]},
								"east": {"uv": [0.015, 0.015], "uv_size": [0.585, 1.47]},
								"south": {"uv": [0.015, 0.015], "uv_size": [0.585, 0.97]},
								"west": {"uv": [0.015, 0.015], "uv_size": [0.585, 1.47]},
								"up": {"uv": [0.985, 1.485], "uv_size": [-0.97, -1.47]},
								"down": {"uv": [0.985, 1.485], "uv_size": [-0.97, -1.47]}
							}
						},
						{
							"origin": [-0.77899, 1.37921, -2.17727],
							"size": [0.6, 1, 1.5],
							"pivot": [0, 0, 0],
							"rotation": [-180, 0, -157.5],
							"uv": {
								"north": {"uv": [0.015, 1.015], "uv_size": [0.585, 0.97]},
								"east": {"uv": [1.015, 0.015], "uv_size": [0.97, 1.47]},
								"south": {"uv": [0.015, 1.015], "uv_size": [0.585, 0.97]},
								"west": {"uv": [1.015, 0.015], "uv_size": [0.97, 1.47]},
								"up": {"uv": [1.6, 1.485], "uv_size": [-0.585, -1.47]},
								"down": {"uv": [1.6, 1.485], "uv_size": [-0.585, -1.47]}
							}
						},
						{
							"origin": [-0.19189, 0.57234, -2.17727],
							"size": [0.6, 1, 1.5],
							"pivot": [0, 0, 0],
							"rotation": [-180, 0, -135],
							"uv": {
								"north": {"uv": [0.015, 1.015], "uv_size": [0.585, 0.97]},
								"east": {"uv": [1.015, 0.015], "uv_size": [0.97, 1.47]},
								"south": {"uv": [0.015, 1.015], "uv_size": [0.585, 0.97]},
								"west": {"uv": [1.015, 0.015], "uv_size": [0.97, 1.47]},
								"up": {"uv": [1.6, 1.485], "uv_size": [-0.585, -1.47]},
								"down": {"uv": [1.6, 1.485], "uv_size": [-0.585, -1.47]}
							}
						},
						{
							"origin": [0.38349, -0.11367, -2.17727],
							"size": [1, 0.6, 1.5],
							"pivot": [0, 0, 0],
							"rotation": [-180, 0, 180],
							"uv": {
								"north": {"uv": [0.015, 1.015], "uv_size": [0.97, 0.585]},
								"east": {"uv": [1.015, 0.015], "uv_size": [0.585, 1.47]},
								"south": {"uv": [0.015, 1.015], "uv_size": [0.97, 0.585]},
								"west": {"uv": [1.015, 0.015], "uv_size": [0.585, 1.47]},
								"up": {"uv": [1.985, 1.485], "uv_size": [-0.97, -1.47]},
								"down": {"uv": [1.985, 1.485], "uv_size": [-0.97, -1.47]}
							}
						},
						{
							"origin": [-0.6022, 0.04174, -2.17727],
							"size": [1, 0.6, 1.5],
							"pivot": [0, 0, 0],
							"rotation": [180, 0, 157.5],
							"uv": {
								"north": {"uv": [1.015, 0.015], "uv_size": [0.585, 0.97]},
								"east": {"uv": [1.015, 0.015], "uv_size": [0.585, 1.47]},
								"south": {"uv": [1.015, 0.015], "uv_size": [0.585, 0.97]},
								"west": {"uv": [1.015, 0.015], "uv_size": [0.585, 1.47]},
								"up": {"uv": [1.985, 1.485], "uv_size": [-0.97, -1.47]},
								"down": {"uv": [1.985, 1.485], "uv_size": [-0.97, -1.47]}
							}
						},
						{
							"origin": [1.23468, -0.63446, -2.17727],
							"size": [1, 0.6, 1.5],
							"pivot": [0, 0, 0],
							"rotation": [-180, 0, -157.5],
							"uv": {
								"north": {"uv": [1.015, 0.015], "uv_size": [0.585, 0.97]},
								"east": {"uv": [1.015, 0.015], "uv_size": [0.585, 1.47]},
								"south": {"uv": [1.015, 0.015], "uv_size": [0.585, 0.97]},
								"west": {"uv": [1.015, 0.015], "uv_size": [0.585, 1.47]},
								"up": {"uv": [1.985, 1.485], "uv_size": [-0.97, -1.47]},
								"down": {"uv": [1.985, 1.485], "uv_size": [-0.97, -1.47]}
							}
						},
						{
							"origin": [1.82178, -1.44134, -2.17727],
							"size": [1, 0.6, 1.5],
							"pivot": [0, 0, 0],
							"rotation": [-180, 0, -135],
							"uv": {
								"north": {"uv": [1.015, 0.015], "uv_size": [0.585, 0.97]},
								"east": {"uv": [1.015, 0.015], "uv_size": [0.585, 1.47]},
								"south": {"uv": [1.015, 0.015], "uv_size": [0.585, 0.97]},
								"west": {"uv": [1.015, 0.015], "uv_size": [0.585, 1.47]},
								"up": {"uv": [1.985, 1.485], "uv_size": [-0.97, -1.47]},
								"down": {"uv": [1.985, 1.485], "uv_size": [-0.97, -1.47]}
							}
						},
						{
							"origin": [1.81147, 2.05541, -2.17727],
							"size": [0.6, 1, 1.5],
							"pivot": [0, 0, 0],
							"rotation": [180, 0, 157.5],
							"uv": {
								"north": {"uv": [0.015, 1.015], "uv_size": [0.585, 0.97]},
								"east": {"uv": [1.015, 0.015], "uv_size": [0.97, 1.47]},
								"south": {"uv": [0.015, 1.015], "uv_size": [0.585, 0.97]},
								"west": {"uv": [1.015, 0.015], "uv_size": [0.97, 1.47]},
								"up": {"uv": [1.6, 1.485], "uv_size": [-0.585, -1.47]},
								"down": {"uv": [1.6, 1.485], "uv_size": [-0.585, -1.47]}
							}
						}
					]
				},
				{
					"name": "bottom ring2",
					"parent": "Pot",
					"pivot": [-8, 8, 8],
					"cubes": [
						{
							"origin": [0.42285, 4.16607, -3.49007],
							"size": [0.9016, 0.54096, 1.3032],
							"pivot": [0, 0, 0],
							"rotation": [-180, 0, 180],
							"uv": {
								"north": {"uv": [0.015, 0.015], "uv_size": [0.97, 0.585]},
								"east": {"uv": [0.015, 0.015], "uv_size": [0.585, 1.97]},
								"south": {"uv": [0.015, 0.015], "uv_size": [0.97, 0.585]},
								"west": {"uv": [0.015, 0.015], "uv_size": [0.585, 1.97]},
								"up": {"uv": [0.985, 1.985], "uv_size": [-0.97, -1.97]},
								"down": {"uv": [0.985, 1.985], "uv_size": [-0.97, -1.97]}
							}
						},
						{
							"origin": [-0.57767, 4.31461, -3.49007],
							"size": [0.9016, 0.54096, 1.3032],
							"pivot": [0, 0, 0],
							"rotation": [180, 0, 157.5],
							"uv": {
								"north": {"uv": [0.015, 0.015], "uv_size": [0.585, 0.97]},
								"east": {"uv": [0.015, 0.015], "uv_size": [0.585, 1.97]},
								"south": {"uv": [0.015, 0.015], "uv_size": [0.585, 0.97]},
								"west": {"uv": [0.015, 0.015], "uv_size": [0.585, 1.97]},
								"up": {"uv": [0.985, 1.985], "uv_size": [-0.97, -1.97]},
								"down": {"uv": [0.985, 1.985], "uv_size": [-0.97, -1.97]}
							}
						},
						{
							"origin": [-1.55887, 4.06896, -3.49007],
							"size": [0.9016, 0.54096, 1.3032],
							"pivot": [0, 0, 0],
							"rotation": [180, 0, 135],
							"uv": {
								"north": {"uv": [0.015, 0.015], "uv_size": [0.585, 0.97]},
								"east": {"uv": [0.015, 0.015], "uv_size": [0.585, 1.97]},
								"south": {"uv": [0.015, 0.015], "uv_size": [0.585, 0.97]},
								"west": {"uv": [0.015, 0.015], "uv_size": [0.585, 1.97]},
								"up": {"uv": [0.985, 1.985], "uv_size": [-0.97, -1.97]},
								"down": {"uv": [0.985, 1.985], "uv_size": [-0.97, -1.97]}
							}
						},
						{
							"origin": [3.46653, 1.46979, -3.49007],
							"size": [0.54096, 0.9016, 1.3032],
							"pivot": [0, 0, 0],
							"rotation": [-180, 0, -157.5],
							"uv": {
								"north": {"uv": [0.015, 0.015], "uv_size": [0.585, 0.97]},
								"east": {"uv": [0.015, 0.015], "uv_size": [0.97, 1.97]},
								"south": {"uv": [0.015, 0.015], "uv_size": [0.585, 0.97]},
								"west": {"uv": [0.015, 0.015], "uv_size": [0.97, 1.97]},
								"up": {"uv": [0.6, 1.985], "uv_size": [-0.585, -1.97]},
								"down": {"uv": [0.6, 1.985], "uv_size": [-0.585, -1.97]}
							}
						},
						{
							"origin": [2.59901, 1.98991, -3.49007],
							"size": [0.54096, 0.9016, 1.3032],
							"pivot": [0, 0, 0],
							"rotation": [-180, 0, 180],
							"uv": {
								"north": {"uv": [0.015, 0.015], "uv_size": [0.585, 0.97]},
								"east": {"uv": [0.015, 0.015], "uv_size": [0.97, 1.97]},
								"south": {"uv": [0.015, 0.015], "uv_size": [0.585, 0.97]},
								"west": {"uv": [0.015, 0.015], "uv_size": [0.97, 1.97]},
								"up": {"uv": [0.6, 1.985], "uv_size": [-0.585, -1.97]},
								"down": {"uv": [0.6, 1.985], "uv_size": [-0.585, -1.97]}
							}
						},
						{
							"origin": [-1.39267, 1.98991, -3.49007],
							"size": [0.54096, 0.9016, 1.3032],
							"pivot": [0, 0, 0],
							"rotation": [-180, 0, 180],
							"uv": {
								"north": {"uv": [0.015, 0.015], "uv_size": [0.97, 0.585]},
								"east": {"uv": [0.015, 0.015], "uv_size": [0.97, 1.97]},
								"south": {"uv": [0.015, 0.015], "uv_size": [0.97, 0.585]},
								"west": {"uv": [0.015, 0.015], "uv_size": [0.97, 1.97]},
								"up": {"uv": [0.6, 1.985], "uv_size": [-0.585, -1.97]},
								"down": {"uv": [0.6, 1.985], "uv_size": [-0.585, -1.97]}
							}
						},
						{
							"origin": [-2.3932, 2.13845, -3.49007],
							"size": [0.54096, 0.9016, 1.3032],
							"pivot": [0, 0, 0],
							"rotation": [180, 0, 157.5],
							"uv": {
								"north": {"uv": [0.015, 0.015], "uv_size": [0.585, 0.97]},
								"east": {"uv": [0.015, 0.015], "uv_size": [0.97, 1.97]},
								"south": {"uv": [0.015, 0.015], "uv_size": [0.585, 0.97]},
								"west": {"uv": [0.015, 0.015], "uv_size": [0.97, 1.97]},
								"up": {"uv": [0.6, 1.985], "uv_size": [-0.585, -1.97]},
								"down": {"uv": [0.6, 1.985], "uv_size": [-0.585, -1.97]}
							}
						},
						{
							"origin": [-3.3744, 1.8928, -3.49007],
							"size": [0.54096, 0.9016, 1.3032],
							"pivot": [0, 0, 0],
							"rotation": [180, 0, 135],
							"uv": {
								"north": {"uv": [0.015, 0.015], "uv_size": [0.585, 0.97]},
								"east": {"uv": [0.015, 0.015], "uv_size": [0.97, 1.97]},
								"south": {"uv": [0.015, 0.015], "uv_size": [0.585, 0.97]},
								"west": {"uv": [0.015, 0.015], "uv_size": [0.97, 1.97]},
								"up": {"uv": [0.6, 1.985], "uv_size": [-0.585, -1.97]},
								"down": {"uv": [0.6, 1.985], "uv_size": [-0.585, -1.97]}
							}
						},
						{
							"origin": [1.29036, 3.64595, -3.49007],
							"size": [0.9016, 0.54096, 1.3032],
							"pivot": [0, 0, 0],
							"rotation": [-180, 0, -157.5],
							"uv": {
								"north": {"uv": [0.015, 0.015], "uv_size": [0.585, 0.97]},
								"east": {"uv": [0.015, 0.015], "uv_size": [0.585, 1.97]},
								"south": {"uv": [0.015, 0.015], "uv_size": [0.585, 0.97]},
								"west": {"uv": [0.015, 0.015], "uv_size": [0.585, 1.97]},
								"up": {"uv": [0.985, 1.985], "uv_size": [-0.97, -1.97]},
								"down": {"uv": [0.985, 1.985], "uv_size": [-0.97, -1.97]}
							}
						},
						{
							"origin": [-0.52517, 1.46978, -3.49007],
							"size": [0.54096, 0.9016, 1.3032],
							"pivot": [0, 0, 0],
							"rotation": [-180, 0, -157.5],
							"uv": {
								"north": {"uv": [0.015, 1.015], "uv_size": [0.585, 0.97]},
								"east": {"uv": [1.015, 0.015], "uv_size": [0.97, 1.97]},
								"south": {"uv": [0.015, 1.015], "uv_size": [0.585, 0.97]},
								"west": {"uv": [1.015, 0.015], "uv_size": [0.97, 1.97]},
								"up": {"uv": [1.6, 1.985], "uv_size": [-0.585, -1.97]},
								"down": {"uv": [1.6, 1.985], "uv_size": [-0.585, -1.97]}
							}
						},
						{
							"origin": [0.07728, 0.65728, -3.49007],
							"size": [0.54096, 0.9016, 1.3032],
							"pivot": [0, 0, 0],
							"rotation": [-180, 0, -135],
							"uv": {
								"north": {"uv": [0.015, 1.015], "uv_size": [0.585, 0.97]},
								"east": {"uv": [1.015, 0.015], "uv_size": [0.97, 1.97]},
								"south": {"uv": [0.015, 1.015], "uv_size": [0.585, 0.97]},
								"west": {"uv": [1.015, 0.015], "uv_size": [0.97, 1.97]},
								"up": {"uv": [1.6, 1.985], "uv_size": [-0.585, -1.97]},
								"down": {"uv": [1.6, 1.985], "uv_size": [-0.585, -1.97]}
							}
						},
						{
							"origin": [0.42285, 0.17438, -3.49007],
							"size": [0.9016, 0.54096, 1.3032],
							"pivot": [0, 0, 0],
							"rotation": [-180, 0, 180],
							"uv": {
								"north": {"uv": [0.015, 1.015], "uv_size": [0.97, 0.585]},
								"east": {"uv": [1.015, 0.015], "uv_size": [0.585, 1.97]},
								"south": {"uv": [0.015, 1.015], "uv_size": [0.97, 0.585]},
								"west": {"uv": [1.015, 0.015], "uv_size": [0.585, 1.97]},
								"up": {"uv": [1.985, 1.985], "uv_size": [-0.97, -1.97]},
								"down": {"uv": [1.985, 1.985], "uv_size": [-0.97, -1.97]}
							}
						},
						{
							"origin": [-0.57767, 0.32293, -3.49007],
							"size": [0.9016, 0.54096, 1.3032],
							"pivot": [0, 0, 0],
							"rotation": [180, 0, 157.5],
							"uv": {
								"north": {"uv": [1.015, 0.015], "uv_size": [0.585, 0.97]},
								"east": {"uv": [1.015, 0.015], "uv_size": [0.585, 1.97]},
								"south": {"uv": [1.015, 0.015], "uv_size": [0.585, 0.97]},
								"west": {"uv": [1.015, 0.015], "uv_size": [0.585, 1.97]},
								"up": {"uv": [1.985, 1.985], "uv_size": [-0.97, -1.97]},
								"down": {"uv": [1.985, 1.985], "uv_size": [-0.97, -1.97]}
							}
						},
						{
							"origin": [1.29036, -0.34574, -3.49007],
							"size": [0.9016, 0.54096, 1.3032],
							"pivot": [0, 0, 0],
							"rotation": [-180, 0, -157.5],
							"uv": {
								"north": {"uv": [1.015, 0.015], "uv_size": [0.585, 0.97]},
								"east": {"uv": [1.015, 0.015], "uv_size": [0.585, 1.97]},
								"south": {"uv": [1.015, 0.015], "uv_size": [0.585, 0.97]},
								"west": {"uv": [1.015, 0.015], "uv_size": [0.585, 1.97]},
								"up": {"uv": [1.985, 1.985], "uv_size": [-0.97, -1.97]},
								"down": {"uv": [1.985, 1.985], "uv_size": [-0.97, -1.97]}
							}
						},
						{
							"origin": [1.89281, -1.15825, -3.49007],
							"size": [0.9016, 0.54096, 1.3032],
							"pivot": [0, 0, 0],
							"rotation": [-180, 0, -135],
							"uv": {
								"north": {"uv": [1.015, 0.015], "uv_size": [0.585, 0.97]},
								"east": {"uv": [1.015, 0.015], "uv_size": [0.585, 1.97]},
								"south": {"uv": [1.015, 0.015], "uv_size": [0.585, 0.97]},
								"west": {"uv": [1.015, 0.015], "uv_size": [0.585, 1.97]},
								"up": {"uv": [1.985, 1.985], "uv_size": [-0.97, -1.97]},
								"down": {"uv": [1.985, 1.985], "uv_size": [-0.97, -1.97]}
							}
						},
						{
							"origin": [1.5985, 2.13845, -3.49007],
							"size": [0.54096, 0.9016, 1.3032],
							"pivot": [0, 0, 0],
							"rotation": [180, 0, 157.5],
							"uv": {
								"north": {"uv": [0.015, 1.015], "uv_size": [0.585, 0.97]},
								"east": {"uv": [1.015, 0.015], "uv_size": [0.97, 1.97]},
								"south": {"uv": [0.015, 1.015], "uv_size": [0.585, 0.97]},
								"west": {"uv": [1.015, 0.015], "uv_size": [0.97, 1.97]},
								"up": {"uv": [1.6, 1.985], "uv_size": [-0.585, -1.97]},
								"down": {"uv": [1.6, 1.985], "uv_size": [-0.585, -1.97]}
							}
						}
					]
				},
				{
					"name": "bottom ring3",
					"parent": "Pot",
					"pivot": [-8, 8, 8],
					"cubes": [
						{
							"origin": [0.45805, 2.43408, -4.38802],
							"size": [0.8136, 2.08816, 0.96385],
							"pivot": [0, 0, 0],
							"rotation": [-180, 0, 180],
							"uv": {
								"north": {"uv": [0.015, 0.015], "uv_size": [0.97, 0.585]},
								"east": {"uv": [0.015, 0.015], "uv_size": [0.585, 1.97]},
								"south": {"uv": [0.015, 0.015], "uv_size": [0.97, 0.585]},
								"west": {"uv": [0.015, 0.015], "uv_size": [0.585, 1.97]},
								"up": {"uv": [0.985, 1.985], "uv_size": [-0.97, -1.97]},
								"down": {"uv": [0.985, 1.985], "uv_size": [-0.97, -1.97]}
							}
						},
						{
							"origin": [-0.55573, 3.17648, -4.38802],
							"size": [0.8136, 1.48816, 0.96385],
							"pivot": [0, 0, 0],
							"rotation": [180, 0, 157.5],
							"uv": {
								"north": {"uv": [0.015, 0.015], "uv_size": [0.585, 0.97]},
								"east": {"uv": [0.015, 0.015], "uv_size": [0.585, 1.97]},
								"south": {"uv": [0.015, 0.015], "uv_size": [0.585, 0.97]},
								"west": {"uv": [0.015, 0.015], "uv_size": [0.585, 1.97]},
								"up": {"uv": [0.985, 1.985], "uv_size": [-0.97, -1.97]},
								"down": {"uv": [0.985, 1.985], "uv_size": [-0.97, -1.97]}
							}
						},
						{
							"origin": [-1.54684, 2.92009, -4.38802],
							"size": [0.81361, 1.48816, 0.96385],
							"pivot": [0, 0, 0],
							"rotation": [180, 0, 135],
							"uv": {
								"north": {"uv": [0.015, 0.015], "uv_size": [0.585, 0.97]},
								"east": {"uv": [0.015, 0.015], "uv_size": [0.585, 1.97]},
								"south": {"uv": [0.015, 0.015], "uv_size": [0.585, 0.97]},
								"west": {"uv": [0.015, 0.015], "uv_size": [0.585, 1.97]},
								"up": {"uv": [0.985, 1.985], "uv_size": [-0.97, -1.97]},
								"down": {"uv": [0.985, 1.985], "uv_size": [-0.97, -1.97]}
							}
						},
						{
							"origin": [2.30393, 1.55079, -4.38802],
							"size": [1.48816, 0.8136, 0.96385],
							"pivot": [0, 0, 0],
							"rotation": [-180, 0, -157.5],
							"uv": {
								"north": {"uv": [0.015, 0.015], "uv_size": [0.585, 0.97]},
								"east": {"uv": [0.015, 0.015], "uv_size": [0.97, 1.97]},
								"south": {"uv": [0.015, 0.015], "uv_size": [0.585, 0.97]},
								"west": {"uv": [0.015, 0.015], "uv_size": [0.97, 1.97]},
								"up": {"uv": [0.6, 1.985], "uv_size": [-0.585, -1.97]},
								"down": {"uv": [0.6, 1.985], "uv_size": [-0.585, -1.97]}
							}
						},
						{
							"origin": [1.22182, 2.0703, -4.38802],
							"size": [1.68816, 0.81361, 0.96385],
							"pivot": [0, 0, 0],
							"rotation": [-180, 0, 180],
							"uv": {
								"north": {"uv": [0.015, 0.015], "uv_size": [0.585, 0.97]},
								"east": {"uv": [0.015, 0.015], "uv_size": [0.97, 1.97]},
								"south": {"uv": [0.015, 0.015], "uv_size": [0.585, 0.97]},
								"west": {"uv": [0.015, 0.015], "uv_size": [0.97, 1.97]},
								"up": {"uv": [0.6, 1.985], "uv_size": [-0.585, -1.97]},
								"down": {"uv": [0.6, 1.985], "uv_size": [-0.585, -1.97]}
							}
						},
						{
							"origin": [-1.18028, 2.0703, -4.38802],
							"size": [1.68816, 0.81361, 0.96385],
							"pivot": [0, 0, 0],
							"rotation": [-180, 0, 180],
							"uv": {
								"north": {"uv": [0.015, 0.015], "uv_size": [0.97, 0.585]},
								"east": {"uv": [0.015, 0.015], "uv_size": [0.97, 1.97]},
								"south": {"uv": [0.015, 0.015], "uv_size": [0.97, 0.585]},
								"west": {"uv": [0.015, 0.015], "uv_size": [0.97, 1.97]},
								"up": {"uv": [0.6, 1.985], "uv_size": [-0.585, -1.97]},
								"down": {"uv": [0.6, 1.985], "uv_size": [-0.585, -1.97]}
							}
						},
						{
							"origin": [-2.19406, 2.21271, -4.38802],
							"size": [1.48816, 0.8136, 0.96385],
							"pivot": [0, 0, 0],
							"rotation": [180, 0, 157.5],
							"uv": {
								"north": {"uv": [0.015, 0.015], "uv_size": [0.585, 0.97]},
								"east": {"uv": [0.015, 0.015], "uv_size": [0.97, 1.97]},
								"south": {"uv": [0.015, 0.015], "uv_size": [0.585, 0.97]},
								"west": {"uv": [0.015, 0.015], "uv_size": [0.97, 1.97]},
								"up": {"uv": [0.6, 1.985], "uv_size": [-0.585, -1.97]},
								"down": {"uv": [0.6, 1.985], "uv_size": [-0.585, -1.97]}
							}
						},
						{
							"origin": [-3.18517, 1.95632, -4.38802],
							"size": [1.58817, 0.8136, 0.96385],
							"pivot": [0, 0, 0],
							"rotation": [180, 0, 135],
							"uv": {
								"north": {"uv": [0.015, 0.015], "uv_size": [0.585, 0.97]},
								"east": {"uv": [0.015, 0.015], "uv_size": [0.97, 1.97]},
								"south": {"uv": [0.015, 0.015], "uv_size": [0.585, 0.97]},
								"west": {"uv": [0.015, 0.015], "uv_size": [0.97, 1.97]},
								"up": {"uv": [0.6, 1.985], "uv_size": [-0.585, -1.97]},
								"down": {"uv": [0.6, 1.985], "uv_size": [-0.585, -1.97]}
							}
						},
						{
							"origin": [1.34017, 2.51456, -4.38802],
							"size": [0.8136, 1.48816, 0.96385],
							"pivot": [0, 0, 0],
							"rotation": [-180, 0, -157.5],
							"uv": {
								"north": {"uv": [0.015, 0.015], "uv_size": [0.585, 0.97]},
								"east": {"uv": [0.015, 0.015], "uv_size": [0.585, 1.97]},
								"south": {"uv": [0.015, 0.015], "uv_size": [0.585, 0.97]},
								"west": {"uv": [0.015, 0.015], "uv_size": [0.585, 1.97]},
								"up": {"uv": [0.985, 1.985], "uv_size": [-0.97, -1.97]},
								"down": {"uv": [0.985, 1.985], "uv_size": [-0.97, -1.97]}
							}
						},
						{
							"origin": [-0.29817, 1.55078, -4.38802],
							"size": [1.48816, 0.81361, 0.96385],
							"pivot": [0, 0, 0],
							"rotation": [-180, 0, -157.5],
							"uv": {
								"north": {"uv": [0.015, 1.015], "uv_size": [0.585, 0.97]},
								"east": {"uv": [1.015, 0.015], "uv_size": [0.97, 1.97]},
								"south": {"uv": [0.015, 1.015], "uv_size": [0.585, 0.97]},
								"west": {"uv": [1.015, 0.015], "uv_size": [0.97, 1.97]},
								"up": {"uv": [1.6, 1.985], "uv_size": [-0.585, -1.97]},
								"down": {"uv": [1.6, 1.985], "uv_size": [-0.585, -1.97]}
							}
						},
						{
							"origin": [0.31798, 0.73323, -4.38802],
							"size": [1.48817, 0.8136, 0.96385],
							"pivot": [0, 0, 0],
							"rotation": [-180, 0, -135],
							"uv": {
								"north": {"uv": [0.015, 1.015], "uv_size": [0.585, 0.97]},
								"east": {"uv": [1.015, 0.015], "uv_size": [0.97, 1.97]},
								"south": {"uv": [0.015, 1.015], "uv_size": [0.585, 0.97]},
								"west": {"uv": [1.015, 0.015], "uv_size": [0.97, 1.97]},
								"up": {"uv": [1.6, 1.985], "uv_size": [-0.585, -1.97]},
								"down": {"uv": [1.6, 1.985], "uv_size": [-0.585, -1.97]}
							}
						},
						{
							"origin": [0.45805, 0.43198, -4.38802],
							"size": [0.8136, 2.08816, 0.96385],
							"pivot": [0, 0, 0],
							"rotation": [-180, 0, 180],
							"uv": {
								"north": {"uv": [0.015, 1.015], "uv_size": [0.97, 0.585]},
								"east": {"uv": [1.015, 0.015], "uv_size": [0.585, 1.97]},
								"south": {"uv": [0.015, 1.015], "uv_size": [0.97, 0.585]},
								"west": {"uv": [1.015, 0.015], "uv_size": [0.585, 1.97]},
								"up": {"uv": [1.985, 1.985], "uv_size": [-0.97, -1.97]},
								"down": {"uv": [1.985, 1.985], "uv_size": [-0.97, -1.97]}
							}
						},
						{
							"origin": [-0.55573, 0.57438, -4.38802],
							"size": [0.8136, 1.48816, 0.96385],
							"pivot": [0, 0, 0],
							"rotation": [180, 0, 157.5],
							"uv": {
								"north": {"uv": [1.015, 0.015], "uv_size": [0.585, 0.97]},
								"east": {"uv": [1.015, 0.015], "uv_size": [0.585, 1.97]},
								"south": {"uv": [1.015, 0.015], "uv_size": [0.585, 0.97]},
								"west": {"uv": [1.015, 0.015], "uv_size": [0.585, 1.97]},
								"up": {"uv": [1.985, 1.985], "uv_size": [-0.97, -1.97]},
								"down": {"uv": [1.985, 1.985], "uv_size": [-0.97, -1.97]}
							}
						},
						{
							"origin": [1.34016, -0.08754, -4.38802],
							"size": [0.8136, 1.48816, 0.96385],
							"pivot": [0, 0, 0],
							"rotation": [-180, 0, -157.5],
							"uv": {
								"north": {"uv": [1.015, 0.015], "uv_size": [0.585, 0.97]},
								"east": {"uv": [1.015, 0.015], "uv_size": [0.585, 1.97]},
								"south": {"uv": [1.015, 0.015], "uv_size": [0.585, 0.97]},
								"west": {"uv": [1.015, 0.015], "uv_size": [0.585, 1.97]},
								"up": {"uv": [1.985, 1.985], "uv_size": [-0.97, -1.97]},
								"down": {"uv": [1.985, 1.985], "uv_size": [-0.97, -1.97]}
							}
						},
						{
							"origin": [1.95631, -0.90509, -4.38802],
							"size": [0.81361, 1.58816, 0.96385],
							"pivot": [0, 0, 0],
							"rotation": [-180, 0, -135],
							"uv": {
								"north": {"uv": [1.015, 0.015], "uv_size": [0.585, 0.97]},
								"east": {"uv": [1.015, 0.015], "uv_size": [0.585, 1.97]},
								"south": {"uv": [1.015, 0.015], "uv_size": [0.585, 0.97]},
								"west": {"uv": [1.015, 0.015], "uv_size": [0.585, 1.97]},
								"up": {"uv": [1.985, 1.985], "uv_size": [-0.97, -1.97]},
								"down": {"uv": [1.985, 1.985], "uv_size": [-0.97, -1.97]}
							}
						},
						{
							"origin": [0.40804, 2.21271, -4.38802],
							"size": [1.48816, 0.81361, 0.96385],
							"pivot": [0, 0, 0],
							"rotation": [180, 0, 157.5],
							"uv": {
								"north": {"uv": [0.015, 1.015], "uv_size": [0.585, 0.97]},
								"east": {"uv": [1.015, 0.015], "uv_size": [0.97, 1.97]},
								"south": {"uv": [0.015, 1.015], "uv_size": [0.585, 0.97]},
								"west": {"uv": [1.015, 0.015], "uv_size": [0.97, 1.97]},
								"up": {"uv": [1.6, 1.985], "uv_size": [-0.585, -1.97]},
								"down": {"uv": [1.6, 1.985], "uv_size": [-0.585, -1.97]}
							}
						}
					]
				},
				{
					"name": "Dirt",
					"pivot": [-8, 8, 8],
					"cubes": [
						{
							"origin": [-0.31651, 0, 0.30906],
							"size": [2, 2, 1],
							"pivot": [0, 0, 0],
							"rotation": [-180, 0, 180],
							"uv": {
								"north": {"uv": [21.015, 6.015], "uv_size": [0.97, 1.97]},
								"east": {"uv": [21.015, 6.015], "uv_size": [0.97, 1.97]},
								"south": {"uv": [21.015, 6.015], "uv_size": [0.97, 1.97]},
								"west": {"uv": [21.015, 6.015], "uv_size": [0.97, 1.97]},
								"up": {"uv": [22.985, 6.985], "uv_size": [-1.97, -0.97]},
								"down": {"uv": [21.985, 7.985], "uv_size": [-0.97, -1.97]}
							}
						},
						{
							"origin": [0.68349, 0, 1.30906],
							"size": [2, 2, 2],
							"pivot": [0, 0, 0],
							"rotation": [-180, 0, 180],
							"uv": {
								"north": {"uv": [16.015, 0.015], "uv_size": [1.97, 1.97]},
								"east": {"uv": [16.015, 0.015], "uv_size": [1.97, 1.97]},
								"south": {"uv": [16.015, 0.015], "uv_size": [1.97, 1.97]},
								"west": {"uv": [19.015, 0.015], "uv_size": [1.97, 1.97]},
								"up": {"uv": [19.985, 1.985], "uv_size": [-1.97, -1.97]},
								"down": {"uv": [17.985, 1.985], "uv_size": [-1.97, -1.97]}
							}
						},
						{
							"origin": [-1.31651, 0, 2.30906],
							"size": [2, 1, 2],
							"pivot": [0, 0, 0],
							"rotation": [-180, 0, 180],
							"uv": {
								"north": {"uv": [16.015, 0.015], "uv_size": [1.97, 0.97]},
								"east": {"uv": [16.015, 6.015], "uv_size": [1.97, 0.97]},
								"south": {"uv": [18.015, 0.015], "uv_size": [1.97, 0.97]},
								"west": {"uv": [16.015, 0.015], "uv_size": [1.97, 0.97]},
