{
	"format_version": "1.12.0",
	"minecraft:geometry": [
		{
			"description": {
				"identifier": "geometry.logbed_spruce",
				"texture_width": 32,
				"texture_height": 32,
				"visible_bounds_width": 7,
				"visible_bounds_height": 3,
				"visible_bounds_offset": [0, 0.5, 0]
			},
			"bones": [
				{
					"name": "Posts",
					"pivot": [-8, 8, 8],
					"cubes": [
						{
							"origin": [7.25, -16, -6],
							"size": [1, 5, 14],
							"uv": {
								"north": {"uv": [0.025, 16.025], "uv_size": [0.95, 4.95]},
								"east": {"uv": [0.025, 16.025], "uv_size": [13.95, 4.95]},
								"south": {"uv": [0.025, 16.025], "uv_size": [0.95, 4.95]},
								"west": {"uv": [15.975, 16.025], "uv_size": [-15.95, 6.95]},
								"up": {"uv": [0.975, 29.975], "uv_size": [-0.95, -13.95]},
								"down": {"uv": [0.975, 29.975], "uv_size": [-0.95, -13.95]}
							}
						},
						{
							"origin": [-8.25, -16, -6],
							"size": [1, 5, 14],
							"uv": {
								"north": {"uv": [15.975, 16.025], "uv_size": [-15.95, 6.95]},
								"east": {"uv": [15.975, 16.025], "uv_size": [-15.95, 6.95]},
								"south": {"uv": [15.975, 16.025], "uv_size": [-15.95, 6.95]},
								"west": {"uv": [15.975, 16.025], "uv_size": [-15.95, 6.95]},
								"up": {"uv": [0.025, 22.975], "uv_size": [15.95, -6.95]},
								"down": {"uv": [0.025, 22.975], "uv_size": [15.95, -6.95]}
							}
						},
						{
							"origin": [7.25, -16, 8],
							"size": [1, 5, 14],
							"uv": {
								"north": {"uv": [0.025, 16.025], "uv_size": [0.95, 4.95]},
								"east": {"uv": [0.025, 16.025], "uv_size": [13.95, 4.95]},
								"south": {"uv": [0.025, 16.025], "uv_size": [0.95, 4.95]},
								"west": {"uv": [15.975, 16.025], "uv_size": [-15.95, 6.95]},
								"up": {"uv": [0.975, 29.975], "uv_size": [-0.95, -13.95]},
								"down": {"uv": [0.975, 29.975], "uv_size": [-0.95, -13.95]}
							}
						},
						{
							"origin": [-8.25, -16, 8],
							"size": [1, 5, 14],
							"uv": {
								"north": {"uv": [15.975, 16.025], "uv_size": [-15.95, 6.95]},
								"east": {"uv": [15.975, 16.025], "uv_size": [-15.95, 6.95]},
								"south": {"uv": [15.975, 16.025], "uv_size": [-15.95, 6.95]},
								"west": {"uv": [15.975, 16.025], "uv_size": [-15.95, 6.95]},
								"up": {"uv": [0.025, 22.975], "uv_size": [15.95, -6.95]},
								"down": {"uv": [0.025, 22.975], "uv_size": [15.95, -6.95]}
							}
						},
						{
							"origin": [-6, -16, 23.25],
							"size": [12, 5, 1],
							"uv": {
								"north": {"uv": [2.025, 16.025], "uv_size": [11.95, 4.95]},
								"east": {"uv": [1.025, 16.025], "uv_size": [0.95, 4.95]},
								"south": {"uv": [15.975, 16.025], "uv_size": [-15.95, 6.95]},
								"west": {"uv": [1.025, 16.025], "uv_size": [0.95, 4.95]},
								"up": {"uv": [1.975, 27.975], "uv_size": [-0.95, -11.95]},
								"down": {"uv": [1.975, 27.975], "uv_size": [-0.95, -11.95]}
							}
						},
						{
							"origin": [-6, -16, -8.25],
							"size": [12, 5, 1],
							"uv": {
								"north": {"uv": [15.975, 16.025], "uv_size": [-15.95, 6.95]},
								"east": {"uv": [1.975, 16.025], "uv_size": [-0.95, 4.95]},
								"south": {"uv": [13.975, 16.025], "uv_size": [-11.95, 4.95]},
								"west": {"uv": [1.975, 16.025], "uv_size": [-0.95, 4.95]},
								"up": {"uv": [1.025, 27.975], "uv_size": [0.95, -11.95]},
								"down": {"uv": [1.025, 27.975], "uv_size": [0.95, -11.95]}
							}
						},
						{
							"origin": [8, -11, -6],
							"size": [1, 2, 14],
							"uv": {
								"north": {"uv": [0.025, 0.025], "uv_size": [0.95, 1.95]},
								"east": {"uv": [0.025, 0.025], "uv_size": [13.95, 1.95]},
								"south": {"uv": [0.025, 0.025], "uv_size": [0.95, 1.95]},
								"west": {"uv": [0.025, 0.025], "uv_size": [13.95, 1.95]},
								"up": {"uv": [0.975, 13.975], "uv_size": [-0.95, -13.95]},
								"down": {"uv": [0.975, 13.975], "uv_size": [-0.95, -13.95]}
							}
						},
						{
							"origin": [-9, -11, -6],
							"size": [1, 2, 14],
							"uv": {
								"north": {"uv": [0.975, 0.025], "uv_size": [-0.95, 1.95]},
								"east": {"uv": [0.025, 0.025], "uv_size": [13.95, 1.95]},
								"south": {"uv": [0.975, 0.025], "uv_size": [-0.95, 1.95]},
								"west": {"uv": [13.975, 0.025], "uv_size": [-13.95, 1.95]},
								"up": {"uv": [0.025, 13.975], "uv_size": [0.95, -13.95]},
								"down": {"uv": [0.025, 13.975], "uv_size": [0.95, -13.95]}
							}
						},
						{
							"origin": [8, -11, 8],
							"size": [1, 2, 14],
							"uv": {
								"north": {"uv": [0.025, 0.025], "uv_size": [0.95, 1.95]},
								"east": {"uv": [0.025, 0.025], "uv_size": [13.95, 1.95]},
								"south": {"uv": [0.025, 0.025], "uv_size": [0.95, 1.95]},
								"west": {"uv": [0.025, 0.025], "uv_size": [13.95, 1.95]},
								"up": {"uv": [0.975, 13.975], "uv_size": [-0.95, -13.95]},
								"down": {"uv": [0.975, 13.975], "uv_size": [-0.95, -13.95]}
							}
						},
						{
							"origin": [-9, -11, 8],
							"size": [1, 2, 14],
							"uv": {
								"north": {"uv": [0.975, 0.025], "uv_size": [-0.95, 1.95]},
								"east": {"uv": [0.025, 0.025], "uv_size": [13.95, 1.95]},
								"south": {"uv": [0.975, 0.025], "uv_size": [-0.95, 1.95]},
								"west": {"uv": [13.975, 0.025], "uv_size": [-13.95, 1.95]},
								"up": {"uv": [0.025, 13.975], "uv_size": [0.95, -13.95]},
								"down": {"uv": [0.025, 13.975], "uv_size": [0.95, -13.95]}
							}
						},
						{
							"origin": [-6, -4, -8.75],
							"size": [12, 2, 1.5],
							"uv": {
								"north": {"uv": [0.025, 6.975], "uv_size": [15.95, -2.95]},
								"east": {"uv": [0.025, 6.975], "uv_size": [15.95, -2.95]},
								"south": {"uv": [0.025, 6.975], "uv_size": [15.95, -2.95]},
								"west": {"uv": [0.025, 6.975], "uv_size": [15.95, -2.95]},
								"up": {"uv": [15.975, 4.025], "uv_size": [-15.95, 2.95]},
								"down": {"uv": [15.975, 4.025], "uv_size": [-15.95, 2.95]}
							}
						},
						{
							"origin": [-6, -4, 23.25],
							"size": [12, 2, 1.5],
							"uv": {
								"north": {"uv": [0.025, 6.975], "uv_size": [15.95, -2.95]},
								"east": {"uv": [0.025, 6.975], "uv_size": [15.95, -2.95]},
								"south": {"uv": [0.025, 6.975], "uv_size": [15.95, -2.95]},
								"west": {"uv": [0.025, 6.975], "uv_size": [15.95, -2.95]},
								"up": {"uv": [15.975, 4.025], "uv_size": [-15.95, 2.95]},
								"down": {"uv": [15.975, 4.025], "uv_size": [-15.95, 2.95]}
							}
						},
						{
							"origin": [-6, -11, -9],
							"size": [12, 2, 1],
							"uv": {
								"north": {"uv": [0.025, 6.975], "uv_size": [15.95, -2.95]},
								"east": {"uv": [0.025, 6.975], "uv_size": [15.95, -2.95]},
								"south": {"uv": [0.025, 6.975], "uv_size": [15.95, -2.95]},
								"west": {"uv": [0.025, 6.975], "uv_size": [15.95, -2.95]},
								"up": {"uv": [15.975, 4.025], "uv_size": [-15.95, 2.95]},
								"down": {"uv": [15.975, 4.025], "uv_size": [-15.95, 2.95]}
							}
						},
						{
							"origin": [-6, -11, 24],
							"size": [12, 2, 1],
							"uv": {
								"north": {"uv": [0.025, 6.975], "uv_size": [15.95, -2.95]},
								"east": {"uv": [0.025, 6.975], "uv_size": [15.95, -2.95]},
								"south": {"uv": [0.025, 6.975], "uv_size": [15.95, -2.95]},
								"west": {"uv": [0.025, 6.975], "uv_size": [15.95, -2.95]},
								"up": {"uv": [15.975, 4.025], "uv_size": [-15.95, 2.95]},
								"down": {"uv": [15.975, 4.025], "uv_size": [-15.95, 2.95]}
							}
						},
						{
							"origin": [-0.5, -9, -8.5],
							"size": [1, 5, 1],
							"uv": {
								"north": {"uv": [7.975, 0.025], "uv_size": [-1.95, 6.95]},
								"east": {"uv": [7.975, 0.025], "uv_size": [-1.95, 6.95]},
								"south": {"uv": [7.975, 0.025], "uv_size": [-1.95, 6.95]},
								"west": {"uv": [7.975, 0.025], "uv_size": [-1.95, 6.95]},
								"up": {"uv": [6.025, 6.975], "uv_size": [1.95, -6.95]},
								"down": {"uv": [6.025, 6.975], "uv_size": [1.95, -6.95]}
							}
						},
						{
							"origin": [-0.5, -9, 23.5],
							"size": [1, 5, 1],
							"uv": {
								"north": {"uv": [6.025, 0.025], "uv_size": [1.95, 6.95]},
								"east": {"uv": [6.025, 0.025], "uv_size": [1.95, 6.95]},
								"south": {"uv": [6.025, 0.025], "uv_size": [1.95, 6.95]},
								"west": {"uv": [6.025, 0.025], "uv_size": [1.95, 6.95]},
								"up": {"uv": [6.025, 0.025], "uv_size": [1.95, 6.95]},
								"down": {"uv": [6.025, 0.025], "uv_size": [1.95, 6.95]}
							}
						},
						{
							"origin": [-3.5, -9, -8.5],
							"size": [1, 5, 1],
							"uv": {
								"north": {"uv": [9.975, 0.025], "uv_size": [-1.95, 6.95]},
								"east": {"uv": [9.975, 0.025], "uv_size": [-1.95, 6.95]},
								"south": {"uv": [9.975, 0.025], "uv_size": [-1.95, 6.95]},
								"west": {"uv": [9.975, 0.025], "uv_size": [-1.95, 6.95]},
								"up": {"uv": [8.025, 6.975], "uv_size": [1.95, -6.95]},
								"down": {"uv": [8.025, 6.975], "uv_size": [1.95, -6.95]}
							}
						},
						{
							"origin": [-3.5, -9, 23.5],
							"size": [1, 5, 1],
							"uv": {
								"north": {"uv": [8.025, 0.025], "uv_size": [1.95, 6.95]},
								"east": {"uv": [8.025, 0.025], "uv_size": [1.95, 6.95]},
								"south": {"uv": [8.025, 0.025], "uv_size": [1.95, 6.95]},
								"west": {"uv": [8.025, 0.025], "uv_size": [1.95, 6.95]},
								"up": {"uv": [8.025, 0.025], "uv_size": [1.95, 6.95]},
								"down": {"uv": [8.025, 0.025], "uv_size": [1.95, 6.95]}
							}
						},
						{
							"origin": [2.5, -9, -8.5],
							"size": [1, 5, 1],
							"uv": {
								"north": {"uv": [11.975, 0.025], "uv_size": [-1.95, 6.95]},
								"east": {"uv": [11.975, 0.025], "uv_size": [-1.95, 6.95]},
								"south": {"uv": [11.975, 0.025], "uv_size": [-1.95, 6.95]},
								"west": {"uv": [11.975, 0.025], "uv_size": [-1.95, 6.95]},
								"up": {"uv": [10.025, 6.975], "uv_size": [1.95, -6.95]},
								"down": {"uv": [10.025, 6.975], "uv_size": [1.95, -6.95]}
							}
						},
						{
							"origin": [2.5, -9, 23.5],
							"size": [1, 5, 1],
							"uv": {
								"north": {"uv": [10.025, 0.025], "uv_size": [1.95, 6.95]},
								"east": {"uv": [10.025, 0.025], "uv_size": [1.95, 6.95]},
								"south": {"uv": [10.025, 0.025], "uv_size": [1.95, 6.95]},
								"west": {"uv": [10.025, 0.025], "uv_size": [1.95, 6.95]},
								"up": {"uv": [10.025, 0.025], "uv_size": [1.95, 6.95]},
								"down": {"uv": [10.025, 0.025], "uv_size": [1.95, 6.95]}
							}
						}
					]
				},
				{
					"name": "group",
					"parent": "Posts",
					"pivot": [-8, 8, 8],
					"cubes": [
						{
							"origin": [6.076, -15.98, -8.942],
							"size": [2.816, 15.9, 2.904],
							"uv": {
								"north": {"uv": [16.025, 0.025], "uv_size": [2.95, 0.875]},
								"east": {"uv": [16.025, 0.025], "uv_size": [2.95, 0.875]},
								"south": {"uv": [16.025, 0.025], "uv_size": [2.95, 0.875]},
								"west": {"uv": [16.025, 0.025], "uv_size": [2.95, 0.875]},
								"up": {"uv": [28.975, 12.975], "uv_size": [-9.95, -9.95]},
								"down": {"uv": [18.975, 2.975], "uv_size": [-2.95, -2.95]}
							}
						},
						{
							"origin": [8.892, -15.992, -8.37],
							"size": [0.748, 16, 1.76],
							"uv": {
								"north": {"uv": [0.025, 0.025], "uv_size": [0.95, 0.95]},
								"east": {"uv": [0.025, 0.025], "uv_size": [1.95, 0.95]},
								"south": {"uv": [0.025, 0.025], "uv_size": [0.95, 0.95]},
								"west": {"uv": [1.025, 0.025], "uv_size": [2.95, 15.95]},
								"up": {"uv": [1.975, 0.975], "uv_size": [-1.95, -0.95]},
								"down": {"uv": [0.975, 1.975], "uv_size": [-0.95, -1.95]}
							}
						},
						{
							"origin": [5.39097, -15.99198, -8.37007],
							"size": [0.748, 16, 1.76],
							"uv": {
								"north": {"uv": [0.025, 0.025], "uv_size": [0.95, 0.95]},
								"east": {"uv": [12.025, 0.025], "uv_size": [2.95, 15.95]},
								"south": {"uv": [0.025, 0.025], "uv_size": [0.95, 0.95]},
								"west": {"uv": [0.025, 0.025], "uv_size": [1.95, 0.95]},
								"up": {"uv": [1.975, 0.975], "uv_size": [-1.95, -0.95]},
								"down": {"uv": [0.975, 1.975], "uv_size": [-0.95, -1.95]}
							}
						},
						{
							"origin": [6.63553, -15.99194, -9.61453],
							"size": [1.76, 16, 0.748],
							"uv": {
								"north": {"uv": [5.025, 0.025], "uv_size": [2.95, 15.95]},
								"east": {"uv": [0.025, 0.025], "uv_size": [0.95, 0.95]},
								"south": {"uv": [0.025, 0.025], "uv_size": [1.95, 0.95]},
								"west": {"uv": [0.025, 0.025], "uv_size": [0.95, 0.95]},
								"up": {"uv": [1.975, 0.975], "uv_size": [-1.95, -0.95]},
								"down": {"uv": [0.975, 1.975], "uv_size": [-0.95, -1.95]}
							}
						},
						{
							"origin": [6.63544, -15.99192, -6.11354],
							"size": [1.76, 16, 0.748],
							"uv": {
								"north": {"uv": [0.025, 0.025], "uv_size": [1.95, 0.95]},
								"east": {"uv": [0.025, 0.025], "uv_size": [0.95, 0.95]},
								"south": {"uv": [5.025, 0.025], "uv_size": [2.95, 15.95]},
								"west": {"uv": [0.025, 0.025], "uv_size": [0.95, 0.95]},
								"up": {"uv": [1.975, 0.975], "uv_size": [-1.95, -0.95]},
								"down": {"uv": [0.975, 1.975], "uv_size": [-0.95, -1.95]}
							}
						},
						{
							"origin": [14.48316, -15.99198, -8.07181],
							"size": [0.748, 16, 1.76],
							"pivot": [9.95116, -8.95198, -0.59181],
							"rotation": [0, 45, 0],
							"uv": {
								"north": {"uv": [0.025, 0.025], "uv_size": [0.95, 0.95]},
								"east": {"uv": [0.025, 0.025], "uv_size": [1.95, 0.95]},
								"south": {"uv": [0.025, 0.025], "uv_size": [0.95, 0.95]},
								"west": {"uv": [9.025, 0.025], "uv_size": [2.95, 15.95]},
								"up": {"uv": [1.975, 0.975], "uv_size": [-1.95, -0.95]},
								"down": {"uv": [0.975, 1.975], "uv_size": [-0.95, -1.95]}
							}
						},
						{
							"origin": [-0.20019, -15.99197, -8.66827],
							"size": [0.748, 16, 1.76],
							"pivot": [5.07981, -8.95197, -14.38827],
							"rotation": [0, 45, 0],
							"uv": {
								"north": {"uv": [0.025, 0.025], "uv_size": [0.95, 0.95]},
								"east": {"uv": [9.025, 0.025], "uv_size": [2.95, 15.95]},
								"south": {"uv": [0.025, 0.025], "uv_size": [0.95, 0.95]},
								"west": {"uv": [0.025, 0.025], "uv_size": [1.95, 0.95]},
								"up": {"uv": [1.975, 0.975], "uv_size": [-1.95, -0.95]},
								"down": {"uv": [0.975, 1.975], "uv_size": [-0.95, -1.95]}
							}
						},
						{
							"origin": [6.93372, -15.99193, -15.20569],
							"size": [1.76, 16, 0.748],
							"pivot": [14.41372, -8.95193, -9.92569],
							"rotation": [0, 45, 0],
							"uv": {
								"north": {"uv": [3.025, 0.025], "uv_size": [2.95, 15.95]},
								"east": {"uv": [0.025, 0.025], "uv_size": [0.95, 0.95]},
								"south": {"uv": [0.025, 0.025], "uv_size": [1.95, 0.95]},
								"west": {"uv": [0.025, 0.025], "uv_size": [0.95, 0.95]},
								"up": {"uv": [1.975, 0.975], "uv_size": [-1.95, -0.95]},
								"down": {"uv": [0.975, 1.975], "uv_size": [-0.95, -1.95]}
							}
						},
						{
							"origin": [6.33725, -15.99191, -0.52238],
							"size": [1.76, 16, 0.748],
							"pivot": [0.61725, -8.95191, -5.05438],
							"rotation": [0, 45, 0],
							"uv": {
								"north": {"uv": [0.025, 0.025], "uv_size": [1.95, 0.95]},
								"east": {"uv": [0.025, 0.025], "uv_size": [0.95, 0.95]},
								"south": {"uv": [3.025, 0.025], "uv_size": [2.95, 15.95]},
								"west": {"uv": [0.025, 0.025], "uv_size": [0.95, 0.95]},
								"up": {"uv": [1.975, 0.975], "uv_size": [-1.95, -0.95]},
								"down": {"uv": [0.975, 1.975], "uv_size": [-0.95, -1.95]}
							}
						}
					]
				},
				{
					"name": "group2",
					"parent": "Posts",
					"pivot": [-8, 8, 8],
					"cubes": [
						{
							"origin": [6.076, -15.98, 22.058],
							"size": [2.816, 15.9, 2.904],
							"uv": {
								"north": {"uv": [16.025, 0.025], "uv_size": [2.95, 0.875]},
								"east": {"uv": [16.025, 0.025], "uv_size": [2.95, 0.875]},
								"south": {"uv": [16.025, 0.025], "uv_size": [2.95, 0.875]},
								"west": {"uv": [16.025, 0.025], "uv_size": [2.95, 0.875]},
								"up": {"uv": [28.975, 12.975], "uv_size": [-9.95, -9.95]},
								"down": {"uv": [18.975, 2.975], "uv_size": [-2.95, -2.95]}
							}
						},
						{
							"origin": [8.892, -15.992, 22.63],
							"size": [0.748, 16, 1.76],
							"uv": {
								"north": {"uv": [0.025, 0.025], "uv_size": [0.95, 0.95]},
								"east": {"uv": [0.025, 0.025], "uv_size": [1.95, 0.95]},
								"south": {"uv": [0.025, 0.025], "uv_size": [0.95, 0.95]},
								"west": {"uv": [1.025, 0.025], "uv_size": [2.95, 15.95]},
								"up": {"uv": [1.975, 0.975], "uv_size": [-1.95, -0.95]},
								"down": {"uv": [0.975, 1.975], "uv_size": [-0.95, -1.95]}
							}
						},
						{
							"origin": [5.39097, -15.99198, 22.62993],
							"size": [0.748, 16, 1.76],
							"uv": {
								"north": {"uv": [0.025, 0.025], "uv_size": [0.95, 0.95]},
								"east": {"uv": [12.025, 0.025], "uv_size": [2.95, 15.95]},
								"south": {"uv": [0.025, 0.025], "uv_size": [0.95, 0.95]},
								"west": {"uv": [0.025, 0.025], "uv_size": [1.95, 0.95]},
								"up": {"uv": [1.975, 0.975], "uv_size": [-1.95, -0.95]},
								"down": {"uv": [0.975, 1.975], "uv_size": [-0.95, -1.95]}
							}
						},
						{
							"origin": [6.63553, -15.99194, 21.38547],
							"size": [1.76, 16, 0.748],
							"uv": {
								"north": {"uv": [5.025, 0.025], "uv_size": [2.95, 15.95]},
								"east": {"uv": [0.025, 0.025], "uv_size": [0.95, 0.95]},
								"south": {"uv": [0.025, 0.025], "uv_size": [1.95, 0.95]},
								"west": {"uv": [0.025, 0.025], "uv_size": [0.95, 0.95]},
								"up": {"uv": [1.975, 0.975], "uv_size": [-1.95, -0.95]},
								"down": {"uv": [0.975, 1.975], "uv_size": [-0.95, -1.95]}
							}
						},
						{
							"origin": [6.63544, -15.99192, 24.88646],
							"size": [1.76, 16, 0.748],
							"uv": {
								"north": {"uv": [0.025, 0.025], "uv_size": [1.95, 0.95]},
								"east": {"uv": [0.025, 0.025], "uv_size": [0.95, 0.95]},
								"south": {"uv": [5.025, 0.025], "uv_size": [2.95, 15.95]},
								"west": {"uv": [0.025, 0.025], "uv_size": [0.95, 0.95]},
								"up": {"uv": [1.975, 0.975], "uv_size": [-1.95, -0.95]},
								"down": {"uv": [0.975, 1.975], "uv_size": [-0.95, -1.95]}
							}
						},
						{
							"origin": [14.48316, -15.99198, 22.92819],
							"size": [0.748, 16, 1.76],
							"pivot": [9.95116, -8.95198, 30.40819],
							"rotation": [0, 45, 0],
							"uv": {
								"north": {"uv": [0.025, 0.025], "uv_size": [0.95, 0.95]},
								"east": {"uv": [0.025, 0.025], "uv_size": [1.95, 0.95]},
								"south": {"uv": [0.025, 0.025], "uv_size": [0.95, 0.95]},
								"west": {"uv": [9.025, 0.025], "uv_size": [2.95, 15.95]},
								"up": {"uv": [1.975, 0.975], "uv_size": [-1.95, -0.95]},
								"down": {"uv": [0.975, 1.975], "uv_size": [-0.95, -1.95]}
							}
						},
						{
							"origin": [-0.20019, -15.99197, 22.33173],
							"size": [0.748, 16, 1.76],
							"pivot": [5.07981, -8.95197, 16.61173],
							"rotation": [0, 45, 0],
							"uv": {
								"north": {"uv": [0.025, 0.025], "uv_size": [0.95, 0.95]},
								"east": {"uv": [9.025, 0.025], "uv_size": [2.95, 15.95]},
								"south": {"uv": [0.025, 0.025], "uv_size": [0.95, 0.95]},
								"west": {"uv": [0.025, 0.025], "uv_size": [1.95, 0.95]},
								"up": {"uv": [1.975, 0.975], "uv_size": [-1.95, -0.95]},
								"down": {"uv": [0.975, 1.975], "uv_size": [-0.95, -1.95]}
							}
						},
						{
							"origin": [6.93372, -15.99193, 15.79431],
							"size": [1.76, 16, 0.748],
							"pivot": [14.41372, -8.95193, 21.07431],
							"rotation": [0, 45, 0],
							"uv": {
								"north": {"uv": [3.025, 0.025], "uv_size": [2.95, 15.95]},
								"east": {"uv": [0.025, 0.025], "uv_size": [0.95, 0.95]},
								"south": {"uv": [0.025, 0.025], "uv_size": [1.95, 0.95]},
								"west": {"uv": [0.025, 0.025], "uv_size": [0.95, 0.95]},
								"up": {"uv": [1.975, 0.975], "uv_size": [-1.95, -0.95]},
								"down": {"uv": [0.975, 1.975], "uv_size": [-0.95, -1.95]}
							}
						},
						{
							"origin": [6.33725, -15.99191, 30.47762],
							"size": [1.76, 16, 0.748],
							"pivot": [0.61725, -8.95191, 25.94562],
							"rotation": [0, 45, 0],
							"uv": {
								"north": {"uv": [0.025, 0.025], "uv_size": [1.95, 0.95]},
								"east": {"uv": [0.025, 0.025], "uv_size": [0.95, 0.95]},
								"south": {"uv": [3.025, 0.025], "uv_size": [2.95, 15.95]},
								"west": {"uv": [0.025, 0.025], "uv_size": [0.95, 0.95]},
								"up": {"uv": [1.975, 0.975], "uv_size": [-1.95, -0.95]},
								"down": {"uv": [0.975, 1.975], "uv_size": [-0.95, -1.95]}
							}
						}
					]
				},
				{
					"name": "group3",
					"parent": "Posts",
					"pivot": [-8, 8, 8],
					"cubes": [
						{
							"origin": [-8.924, -15.98, -8.942],
							"size": [2.816, 15.9, 2.904],
							"uv": {
								"north": {"uv": [16.025, 0.025], "uv_size": [2.95, 0.875]},
								"east": {"uv": [16.025, 0.025], "uv_size": [2.95, 0.875]},
								"south": {"uv": [16.025, 0.025], "uv_size": [2.95, 0.875]},
								"west": {"uv": [16.025, 0.025], "uv_size": [2.95, 0.875]},
								"up": {"uv": [28.975, 12.975], "uv_size": [-9.95, -9.95]},
								"down": {"uv": [18.975, 2.975], "uv_size": [-2.95, -2.95]}
							}
						},
						{
							"origin": [-6.108, -15.992, -8.37],
							"size": [0.748, 16, 1.76],
							"uv": {
								"north": {"uv": [0.025, 0.025], "uv_size": [0.95, 0.95]},
								"east": {"uv": [0.025, 0.025], "uv_size": [1.95, 0.95]},
								"south": {"uv": [0.025, 0.025], "uv_size": [0.95, 0.95]},
								"west": {"uv": [1.025, 0.025], "uv_size": [2.95, 15.95]},
								"up": {"uv": [1.975, 0.975], "uv_size": [-1.95, -0.95]},
								"down": {"uv": [0.975, 1.975], "uv_size": [-0.95, -1.95]}
							}
						},
						{
							"origin": [-9.60903, -15.99198, -8.37007],
							"size": [0.748, 16, 1.76],
							"uv": {
								"north": {"uv": [0.025, 0.025], "uv_size": [0.95, 0.95]},
								"east": {"uv": [12.025, 0.025], "uv_size": [2.95, 15.95]},
								"south": {"uv": [0.025, 0.025], "uv_size": [0.95, 0.95]},
								"west": {"uv": [0.025, 0.025], "uv_size": [1.95, 0.95]},
								"up": {"uv": [1.975, 0.975], "uv_size": [-1.95, -0.95]},
								"down": {"uv": [0.975, 1.975], "uv_size": [-0.95, -1.95]}
							}
						},
						{
							"origin": [-8.36447, -15.99194, -9.61453],
							"size": [1.76, 16, 0.748],
							"uv": {
								"north": {"uv": [5.025, 0.025], "uv_size": [2.95, 15.95]},
								"east": {"uv": [0.025, 0.025], "uv_size": [0.95, 0.95]},
								"south": {"uv": [0.025, 0.025], "uv_size": [1.95, 0.95]},
								"west": {"uv": [0.025, 0.025], "uv_size": [0.95, 0.95]},
								"up": {"uv": [1.975, 0.975], "uv_size": [-1.95, -0.95]},
								"down": {"uv": [0.975, 1.975], "uv_size": [-0.95, -1.95]}
							}
						},
						{
							"origin": [-8.36456, -15.99192, -6.11354],
							"size": [1.76, 16, 0.748],
							"uv": {
								"north": {"uv": [0.025, 0.025], "uv_size": [1.95, 0.95]},
								"east": {"uv": [0.025, 0.025], "uv_size": [0.95, 0.95]},
								"south": {"uv": [5.025, 0.025], "uv_size": [2.95, 15.95]},
								"west": {"uv": [0.025, 0.025], "uv_size": [0.95, 0.95]},
								"up": {"uv": [1.975, 0.975], "uv_size": [-1.95, -0.95]},
								"down": {"uv": [0.975, 1.975], "uv_size": [-0.95, -1.95]}
							}
						},
						{
							"origin": [-0.51684, -15.99198, -8.07181],
							"size": [0.748, 16, 1.76],
							"pivot": [-5.04884, -8.95198, -0.59181],
							"rotation": [0, 45, 0],
							"uv": {
								"north": {"uv": [0.025, 0.025], "uv_size": [0.95, 0.95]},
								"east": {"uv": [0.025, 0.025], "uv_size": [1.95, 0.95]},
								"south": {"uv": [0.025, 0.025], "uv_size": [0.95, 0.95]},
								"west": {"uv": [9.025, 0.025], "uv_size": [2.95, 15.95]},
								"up": {"uv": [1.975, 0.975], "uv_size": [-1.95, -0.95]},
								"down": {"uv": [0.975, 1.975], "uv_size": [-0.95, -1.95]}
							}
						},
						{
							"origin": [-15.20019, -15.99197, -8.66827],
							"size": [0.748, 16, 1.76],
							"pivot": [-9.92019, -8.95197, -14.38827],
							"rotation": [0, 45, 0],
							"uv": {
								"north": {"uv": [0.025, 0.025], "uv_size": [0.95, 0.95]},
								"east": {"uv": [9.025, 0.025], "uv_size": [2.95, 15.95]},
								"south": {"uv": [0.025, 0.025], "uv_size": [0.95, 0.95]},
								"west": {"uv": [0.025, 0.025], "uv_size": [1.95, 0.95]},
								"up": {"uv": [1.975, 0.975], "uv_size": [-1.95, -0.95]},
								"down": {"uv": [0.975, 1.975], "uv_size": [-0.95, -1.95]}
							}
						},
						{
							"origin": [-8.06628, -15.99193, -15.20569],
							"size": [1.76, 16, 0.748],
							"pivot": [-0.58628, -8.95193, -9.92569],
							"rotation": [0, 45, 0],
							"uv": {
								"north": {"uv": [3.025, 0.025], "uv_size": [2.95, 15.95]},
								"east": {"uv": [0.025, 0.025], "uv_size": [0.95, 0.95]},
								"south": {"uv": [0.025, 0.025], "uv_size": [1.95, 0.95]},
								"west": {"uv": [0.025, 0.025], "uv_size": [0.95, 0.95]},
								"up": {"uv": [1.975, 0.975], "uv_size": [-1.95, -0.95]},
								"down": {"uv": [0.975, 1.975], "uv_size": [-0.95, -1.95]}
							}
						},
						{
							"origin": [-8.66275, -15.99191, -0.52238],
							"size": [1.76, 16, 0.748],
							"pivot": [-14.38275, -8.95191, -5.05438],
							"rotation": [0, 45, 0],
							"uv": {
								"north": {"uv": [0.025, 0.025], "uv_size": [1.95, 0.95]},
								"east": {"uv": [0.025, 0.025], "uv_size": [0.95, 0.95]},
								"south": {"uv": [3.025, 0.025], "uv_size": [2.95, 15.95]},
								"west": {"uv": [0.025, 0.025], "uv_size": [0.95, 0.95]},
								"up": {"uv": [1.975, 0.975], "uv_size": [-1.95, -0.95]},
								"down": {"uv": [0.975, 1.975], "uv_size": [-0.95, -1.95]}
							}
						}
					]
				},
				{
					"name": "group4",
					"parent": "Posts",
					"pivot": [-8, 8, 8],
					"cubes": [
						{
							"origin": [-8.924, -15.98, 22.058],
							"size": [2.816, 15.9, 2.904],
							"uv": {
								"north": {"uv": [16.025, 0.025], "uv_size": [2.95, 0.875]},
								"east": {"uv": [16.025, 0.025], "uv_size": [2.95, 0.875]},
								"south": {"uv": [16.025, 0.025], "uv_size": [2.95, 0.875]},
								"west": {"uv": [16.025, 0.025], "uv_size": [2.95, 0.875]},
								"up": {"uv": [28.975, 12.975], "uv_size": [-9.95, -9.95]},
								"down": {"uv": [18.975, 2.975], "uv_size": [-2.95, -2.95]}
							}
						},
						{
							"origin": [-6.108, -15.992, 22.63],
							"size": [0.748, 16, 1.76],
							"uv": {
								"north": {"uv": [0.025, 0.025], "uv_size": [0.95, 0.95]},
								"east": {"uv": [0.025, 0.025], "uv_size": [1.95, 0.95]},
								"south": {"uv": [0.025, 0.025], "uv_size": [0.95, 0.95]},
								"west": {"uv": [1.025, 0.025], "uv_size": [2.95, 15.95]},
								"up": {"uv": [1.975, 0.975], "uv_size": [-1.95, -0.95]},
								"down": {"uv": [0.975, 1.975], "uv_size": [-0.95, -1.95]}
							}
						},
						{
							"origin": [-9.60903, -15.99198, 22.62993],
							"size": [0.748, 16, 1.76],
							"uv": {
								"north": {"uv": [0.025, 0.025], "uv_size": [0.95, 0.95]},
								"east": {"uv": [12.025, 0.025], "uv_size": [2.95, 15.95]},
								"south": {"uv": [0.025, 0.025], "uv_size": [0.95, 0.95]},
								"west": {"uv": [0.025, 0.025], "uv_size": [1.95, 0.95]},
								"up": {"uv": [1.975, 0.975], "uv_size": [-1.95, -0.95]},
								"down": {"uv": [0.975, 1.975], "uv_size": [-0.95, -1.95]}
							}
						},
						{
							"origin": [-8.36447, -15.99194, 21.38547],
							"size": [1.76, 16, 0.748],
							"uv": {
								"north": {"uv": [5.025, 0.025], "uv_size": [2.95, 15.95]},
								"east": {"uv": [0.025, 0.025], "uv_size": [0.95, 0.95]},
								"south": {"uv": [0.025, 0.025], "uv_size": [1.95, 0.95]},
								"west": {"uv": [0.025, 0.025], "uv_size": [0.95, 0.95]},
								"up": {"uv": [1.975, 0.975], "uv_size": [-1.95, -0.95]},
								"down": {"uv": [0.975, 1.975], "uv_size": [-0.95, -1.95]}
							}
						},
						{
							"origin": [-8.36456, -15.99192, 24.88646],
							"size": [1.76, 16, 0.748],
							"uv": {
								"north": {"uv": [0.025, 0.025], "uv_size": [1.95, 0.95]},
								"east": {"uv": [0.025, 0.025], "uv_size": [0.95, 0.95]},
								"south": {"uv": [5.025, 0.025], "uv_size": [2.95, 15.95]},
								"west": {"uv": [0.025, 0.025], "uv_size": [0.95, 0.95]},
								"up": {"uv": [1.975, 0.975], "uv_size": [-1.95, -0.95]},
								"down": {"uv": [0.975, 1.975], "uv_size": [-0.95, -1.95]}
							}
						},
						{
							"origin": [-0.51684, -15.99198, 22.92819],
							"size": [0.748, 16, 1.76],
							"pivot": [-5.04884, -8.95198, 30.40819],
							"rotation": [0, 45, 0],
							"uv": {
								"north": {"uv": [0.025, 0.025], "uv_size": [0.95, 0.95]},
								"east": {"uv": [0.025, 0.025], "uv_size": [1.95, 0.95]},
								"south": {"uv": [0.025, 0.025], "uv_size": [0.95, 0.95]},
								"west": {"uv": [9.025, 0.025], "uv_size": [2.95, 15.95]},
								"up": {"uv": [1.975, 0.975], "uv_size": [-1.95, -0.95]},
								"down": {"uv": [0.975, 1.975], "uv_size": [-0.95, -1.95]}
							}
						},
						{
							"origin": [-15.20019, -15.99197, 22.33173],
							"size": [0.748, 16, 1.76],
							"pivot": [-9.92019, -8.95197, 16.61173],
							"rotation": [0, 45, 0],
							"uv": {
								"north": {"uv": [0.025, 0.025], "uv_size": [0.95, 0.95]},
								"east": {"uv": [9.025, 0.025], "uv_size": [2.95, 15.95]},
								"south": {"uv": [0.025, 0.025], "uv_size": [0.95, 0.95]},
								"west": {"uv": [0.025, 0.025], "uv_size": [1.95, 0.95]},
								"up": {"uv": [1.975, 0.975], "uv_size": [-1.95, -0.95]},
								"down": {"uv": [0.975, 1.975], "uv_size": [-0.95, -1.95]}
							}
						},
						{
							"origin": [-8.06628, -15.99193, 15.79431],
							"size": [1.76, 16, 0.748],
							"pivot": [-0.58628, -8.95193, 21.07431],
							"rotation": [0, 45, 0],
							"uv": {
								"north": {"uv": [3.025, 0.025], "uv_size": [2.95, 15.95]},
								"east": {"uv": [0.025, 0.025], "uv_size": [0.95, 0.95]},
								"south": {"uv": [0.025, 0.025], "uv_size": [1.95, 0.95]},
								"west": {"uv": [0.025, 0.025], "uv_size": [0.95, 0.95]},
								"up": {"uv": [1.975, 0.975], "uv_size": [-1.95, -0.95]},
								"down": {"uv": [0.975, 1.975], "uv_size": [-0.95, -1.95]}
							}
						},
						{
							"origin": [-8.66275, -15.99191, 30.47762],
							"size": [1.76, 16, 0.748],
							"pivot": [-14.38275, -8.95191, 25.94562],
							"rotation": [0, 45, 0],
							"uv": {
								"north": {"uv": [0.025, 0.025], "uv_size": [1.95, 0.95]},
								"east": {"uv": [0.025, 0.025], "uv_size": [0.95, 0.95]},
								"south": {"uv": [3.025, 0.025], "uv_size": [2.95, 15.95]},
								"west": {"uv": [0.025, 0.025], "uv_size": [0.95, 0.95]},
								"up": {"uv": [1.975, 0.975], "uv_size": [-1.95, -0.95]},
								"down": {"uv": [0.975, 1.975], "uv_size": [-0.95, -1.95]}
							}
						}
					]
				},
				{
					"name": "bone",
					"pivot": [0, 0, 0],
					"cubes": [
						{
							"origin": [-7.75, -16, -7.25],
							"size": [15, 1, 30.5],
							"uv": {
								"north": {"uv": [0.025, 16.025], "uv_size": [15.95, 15.95]},
								"east": {"uv": [0.025, 16.025], "uv_size": [15.95, 15.95]},
								"south": {"uv": [0.025, 16.025], "uv_size": [15.95, 15.95]},
								"west": {"uv": [0.025, 16.025], "uv_size": [15.95, 15.95]},
								"up": {"uv": [15.975, 31.975], "uv_size": [-15.95, -15.95]},
								"down": {"uv": [15.975, 31.975], "uv_size": [-15.95, -15.95]}
							}
						}
					]
				}
			]
		}
	]
}